8.730964660644531250e-01
8.720878362655639648e-01
8.746743202209472656e-01
8.737459778785705566e-01
8.722882270812988281e-01
8.732888698577880859e-01
8.731054067611694336e-01
8.736182451248168945e-01
8.722686767578125000e-01
8.720141649246215820e-01
8.723149895668029785e-01
8.731442093849182129e-01
8.734176158905029297e-01
8.739932179450988770e-01
8.723458051681518555e-01
8.735814094543457031e-01
8.726492524147033691e-01
8.727924227714538574e-01
8.727210760116577148e-01
8.735136985778808594e-01
8.736543059349060059e-01
8.744751214981079102e-01
8.722501993179321289e-01
8.742334246635437012e-01
8.734262585639953613e-01
8.731986880302429199e-01
8.736132979393005371e-01
8.735649585723876953e-01
8.741574287414550781e-01
8.740093708038330078e-01
8.743417859077453613e-01
8.756302595138549805e-01
8.739594221115112305e-01
8.730206489562988281e-01
8.736804127693176270e-01
8.751179575920104980e-01
8.752803802490234375e-01
8.743801712989807129e-01
8.762770295143127441e-01
8.752456903457641602e-01
8.750825524330139160e-01
8.758499026298522949e-01
8.752959966659545898e-01
8.745327591896057129e-01
8.754599094390869141e-01
8.759640455245971680e-01
8.753979206085205078e-01
8.767809867858886719e-01
8.763890862464904785e-01
8.754757642745971680e-01
8.760942220687866211e-01
8.760797977447509766e-01
8.745725750923156738e-01
8.763260841369628906e-01
8.753492832183837891e-01
8.763272166252136230e-01
8.761650919914245605e-01
8.764619231224060059e-01
8.767847418785095215e-01
8.761106729507446289e-01
8.764988183975219727e-01
8.757847547531127930e-01
8.760524988174438477e-01
8.761288523674011230e-01
8.775807023048400879e-01
8.764315843582153320e-01
8.761661648750305176e-01
8.775036334991455078e-01
8.759022355079650879e-01
8.769229650497436523e-01
8.761967420578002930e-01
8.767507076263427734e-01
8.781086802482604980e-01
8.769109249114990234e-01
8.766146302223205566e-01
8.772495985031127930e-01
8.776466250419616699e-01
8.770481944084167480e-01
8.781816363334655762e-01
8.780968189239501953e-01
8.781217932701110840e-01
8.781552314758300781e-01
8.783680796623229980e-01
8.776788115501403809e-01
8.779356479644775391e-01
8.769746422767639160e-01
8.783448934555053711e-01
8.779308199882507324e-01
8.784880042076110840e-01
8.769006133079528809e-01
8.785244226455688477e-01
8.776244521141052246e-01
8.782554864883422852e-01
8.783577084541320801e-01
8.782379031181335449e-01
8.794531226158142090e-01
8.781812787055969238e-01
8.790002465248107910e-01
8.782395720481872559e-01
8.795024752616882324e-01
8.795157074928283691e-01
8.780792355537414551e-01
8.795070648193359375e-01
8.784462809562683105e-01
8.798124790191650391e-01
8.794860839843750000e-01
8.787907361984252930e-01
8.796694874763488770e-01
8.793299198150634766e-01
8.793090581893920898e-01
8.791791796684265137e-01
8.796154260635375977e-01
8.795735239982604980e-01
8.799546957015991211e-01
8.795189857482910156e-01
8.792240023612976074e-01
8.789762854576110840e-01
8.786256313323974609e-01
8.803983330726623535e-01
8.800016641616821289e-01
8.798757791519165039e-01
8.805786371231079102e-01
8.799857497215270996e-01
8.801385760307312012e-01
8.810771703720092773e-01
8.803672194480895996e-01
8.811324238777160645e-01
8.813164234161376953e-01
8.806977868080139160e-01
8.806726932525634766e-01
8.815599083900451660e-01
8.818304538726806641e-01
8.816207647323608398e-01
8.814975023269653320e-01
8.814952969551086426e-01
8.811891078948974609e-01
8.816078305244445801e-01
8.812923431396484375e-01
8.807626366615295410e-01
8.811277747154235840e-01
8.823054432868957520e-01
8.816560506820678711e-01
8.809612989425659180e-01
8.807846903800964355e-01
8.808376789093017578e-01
8.817784190177917480e-01
8.815296888351440430e-01
8.812631368637084961e-01
8.812223672866821289e-01
8.805806040763854980e-01
8.811582326889038086e-01
8.809750080108642578e-01
8.812880516052246094e-01
8.807770013809204102e-01
8.805087208747863770e-01
8.812828063964843750e-01
8.826894164085388184e-01
8.819007873535156250e-01
8.805056214332580566e-01
8.822172284126281738e-01
8.823955059051513672e-01
8.818988204002380371e-01
8.806213140487670898e-01
8.832324743270874023e-01
8.822468519210815430e-01
8.822541832923889160e-01
8.815992474555969238e-01
8.813746571540832520e-01
8.815730214118957520e-01
8.821364045143127441e-01
8.816727399826049805e-01
8.817191123962402344e-01
8.824526071548461914e-01
8.824120163917541504e-01
8.813247680664062500e-01
8.832988142967224121e-01
8.822765946388244629e-01
8.829820156097412109e-01
8.809038400650024414e-01
8.823919892311096191e-01
8.820007443428039551e-01
8.812602758407592773e-01
8.824053406715393066e-01
8.830682635307312012e-01
8.826057314872741699e-01
8.818749785423278809e-01
8.830041289329528809e-01
8.834337592124938965e-01
8.831474184989929199e-01
8.827093243598937988e-01
8.843381404876708984e-01
8.826967477798461914e-01
8.829691410064697266e-01
8.828808665275573730e-01
8.838008642196655273e-01
8.820847272872924805e-01
8.829905986785888672e-01
8.830901980400085449e-01
8.837746381759643555e-01
8.832075595855712891e-01
8.820136785507202148e-01
8.834459185600280762e-01
8.839764595031738281e-01
8.825328350067138672e-01
8.822898864746093750e-01
8.835388422012329102e-01
8.824557662010192871e-01
8.829618692398071289e-01
8.823509812355041504e-01
8.830366730690002441e-01
8.827763199806213379e-01
8.829249739646911621e-01
8.839085102081298828e-01
8.835955858230590820e-01
8.841655850410461426e-01
8.830813765525817871e-01
8.831378817558288574e-01
8.844484090805053711e-01
8.850628733634948730e-01
8.842849731445312500e-01
8.838967680931091309e-01
8.832723498344421387e-01
8.845307826995849609e-01
8.848748207092285156e-01
8.846350312232971191e-01
8.841866850852966309e-01
8.837121725082397461e-01
8.844384551048278809e-01
8.834977746009826660e-01
8.849611878395080566e-01
8.850142955780029297e-01
8.841655254364013672e-01
8.857274651527404785e-01
8.845890164375305176e-01
8.851994276046752930e-01
8.846784830093383789e-01
8.841218352317810059e-01
8.853290081024169922e-01
8.849591016769409180e-01
8.856753706932067871e-01
8.839503526687622070e-01
8.860231041908264160e-01
8.855118751525878906e-01
8.854370117187500000e-01
8.860684037208557129e-01
8.866058588027954102e-01
8.859475851058959961e-01
8.859263062477111816e-01
8.864657878875732422e-01
8.862675428390502930e-01
8.863137960433959961e-01
8.868051171302795410e-01
8.858119249343872070e-01
8.866478204727172852e-01
8.863134980201721191e-01
8.869572281837463379e-01
8.870491981506347656e-01
8.870948553085327148e-01
8.874056339263916016e-01
8.864890933036804199e-01
8.869485259056091309e-01
8.867660760879516602e-01
8.872740864753723145e-01
8.880004882812500000e-01
8.865132331848144531e-01
8.882137537002563477e-01
8.875567913055419922e-01
8.870484828948974609e-01
8.883085846900939941e-01
8.879637718200683594e-01
8.880252242088317871e-01
8.886271715164184570e-01
8.880577683448791504e-01
8.883253335952758789e-01
8.889756798744201660e-01
8.884822130203247070e-01
8.875541687011718750e-01
8.880122900009155273e-01
8.885820508003234863e-01
8.883768320083618164e-01
8.889170289039611816e-01
8.885053992271423340e-01
8.892950415611267090e-01
8.889262676239013672e-01
8.887162804603576660e-01
8.883932232856750488e-01
8.890058994293212891e-01
8.894167542457580566e-01
8.891921043395996094e-01
8.894459605216979980e-01
8.890347480773925781e-01
8.893390893936157227e-01
8.901329040527343750e-01
8.896481394767761230e-01
8.900535702705383301e-01
8.895595073699951172e-01
8.906886577606201172e-01
8.900909423828125000e-01
8.895275592803955078e-01
8.898825645446777344e-01
8.903707265853881836e-01
8.910385370254516602e-01
8.899181485176086426e-01
8.903124928474426270e-01
8.912852406501770020e-01
8.901034593582153320e-01
8.912587165832519531e-01
8.913941979408264160e-01
8.903608918190002441e-01
8.900986313819885254e-01
8.906027078628540039e-01
8.896883130073547363e-01
8.914172649383544922e-01
8.923262953758239746e-01
8.909890651702880859e-01
8.907945156097412109e-01
8.911074995994567871e-01
8.905593752861022949e-01
8.917784094810485840e-01
8.917792439460754395e-01
8.903431892395019531e-01
8.904904127120971680e-01
8.902655839920043945e-01
8.918342590332031250e-01
8.909208774566650391e-01
8.907614946365356445e-01
8.914198279380798340e-01
8.914479613304138184e-01
8.903013467788696289e-01
8.923542499542236328e-01
8.915306925773620605e-01
8.922928571701049805e-01
8.921715617179870605e-01
8.923081755638122559e-01
8.920288085937500000e-01
8.920462727546691895e-01
8.928938508033752441e-01
8.916121125221252441e-01
8.923988938331604004e-01
8.931702971458435059e-01
8.919944763183593750e-01
8.921127915382385254e-01
8.919415473937988281e-01
8.934901356697082520e-01
8.925373554229736328e-01
8.933370709419250488e-01
8.938630819320678711e-01
8.919803500175476074e-01
8.928032517433166504e-01
8.919617533683776855e-01
8.934998512268066406e-01
8.935971260070800781e-01
8.931533694267272949e-01
8.937191963195800781e-01
8.931505084037780762e-01
8.921598792076110840e-01
8.939352631568908691e-01
8.936792016029357910e-01
8.928165435791015625e-01
8.929916620254516602e-01
8.938206434249877930e-01
8.931858539581298828e-01
8.925415873527526855e-01
8.925424218177795410e-01
8.930157423019409180e-01
8.932147026062011719e-01
8.936259746551513672e-01
8.929544091224670410e-01
8.922553062438964844e-01
8.927236795425415039e-01
8.925442695617675781e-01
8.929032683372497559e-01
8.929092288017272949e-01
8.933781981468200684e-01
8.930568695068359375e-01
8.928906321525573730e-01
8.929190635681152344e-01
8.938769698143005371e-01
8.922254443168640137e-01
8.932054042816162109e-01
8.933655619621276855e-01
8.936328887939453125e-01
8.923394680023193359e-01
8.933103680610656738e-01
8.932740688323974609e-01
8.937206864356994629e-01
8.937466144561767578e-01
8.936995863914489746e-01
8.940322995185852051e-01
8.936422467231750488e-01
8.935763835906982422e-01
8.950028419494628906e-01
8.940232992172241211e-01
8.944397568702697754e-01
8.941522240638732910e-01
8.941502571105957031e-01
8.942714929580688477e-01
8.940818905830383301e-01
8.947596549987792969e-01
8.943102359771728516e-01
8.945826888084411621e-01
8.953268527984619141e-01
8.947070240974426270e-01
8.949765563011169434e-01
8.946039080619812012e-01
8.954244852066040039e-01
8.940412998199462891e-01
8.943748474121093750e-01
8.941627740859985352e-01
8.950686454772949219e-01
8.947255015373229980e-01
8.958652019500732422e-01
8.955999612808227539e-01
8.945608735084533691e-01
8.952102661132812500e-01
8.941983580589294434e-01
8.952694535255432129e-01
8.960039019584655762e-01
8.953280448913574219e-01
8.961703777313232422e-01
8.955410122871398926e-01
8.952878713607788086e-01
8.959386944770812988e-01
8.954558372497558594e-01
8.955436944961547852e-01
8.955364227294921875e-01
8.959249854087829590e-01
8.965806365013122559e-01
8.963078260421752930e-01
8.965325951576232910e-01
8.958619832992553711e-01
8.968317508697509766e-01
8.953401446342468262e-01
8.959276676177978516e-01
8.959121704101562500e-01
8.955996632575988770e-01
8.959709405899047852e-01
8.965411186218261719e-01
8.953540325164794922e-01
8.956388831138610840e-01
8.966537714004516602e-01
8.968549370765686035e-01
8.962006568908691406e-01
8.962329030036926270e-01
8.965373039245605469e-01
8.972241282463073730e-01
8.961139917373657227e-01
8.957273960113525391e-01
8.965598940849304199e-01
8.961269855499267578e-01
8.968502879142761230e-01
8.967159986495971680e-01
8.971740603446960449e-01
8.975885510444641113e-01
8.961961269378662109e-01
8.954933285713195801e-01
8.978067636489868164e-01
8.959017992019653320e-01
8.965681195259094238e-01
8.968258500099182129e-01
8.975105285644531250e-01
8.966178894042968750e-01
8.971426486968994141e-01
8.968582153320312500e-01
8.969424366950988770e-01
8.970612883567810059e-01
8.968786597251892090e-01
8.976796865463256836e-01
8.968455791473388672e-01
8.960050344467163086e-01
8.972659111022949219e-01
8.968288898468017578e-01
8.978964090347290039e-01
8.963176608085632324e-01
8.974244594573974609e-01
8.973376750946044922e-01
8.969323635101318359e-01
8.968722820281982422e-01
8.962007761001586914e-01
8.963238596916198730e-01
8.964156508445739746e-01
8.972382545471191406e-01
8.971490263938903809e-01
8.966586589813232422e-01
8.973947167396545410e-01
8.963124155998229980e-01
8.968348503112792969e-01
8.968960642814636230e-01
8.979582190513610840e-01
8.977763652801513672e-01
8.974475264549255371e-01
8.980094790458679199e-01
8.971148729324340820e-01
8.977391719818115234e-01
8.984647989273071289e-01
8.974421620368957520e-01
8.975132703781127930e-01
8.977171182632446289e-01
8.982081413269042969e-01
8.976148962974548340e-01
8.965484499931335449e-01
8.984065055847167969e-01
8.978950977325439453e-01
8.981857895851135254e-01
8.978560566902160645e-01
8.978515863418579102e-01
8.984480500221252441e-01
8.973945379257202148e-01
8.983086943626403809e-01
8.983343243598937988e-01
8.993138074874877930e-01
8.997123837471008301e-01
8.994194865226745605e-01
8.987532258033752441e-01
8.978323340415954590e-01
8.990268707275390625e-01
8.988826870918273926e-01
8.995170593261718750e-01
8.987168669700622559e-01
8.994325399398803711e-01
8.991595506668090820e-01
8.976963758468627930e-01
8.992884159088134766e-01
8.980319499969482422e-01
8.995288014411926270e-01
8.982563018798828125e-01
8.995652198791503906e-01
8.978536725044250488e-01
8.989657759666442871e-01
8.984706401824951172e-01
8.976006507873535156e-01
8.989440798759460449e-01
8.991914391517639160e-01
8.974632024765014648e-01
8.993414044380187988e-01
8.994312882423400879e-01
8.987140059471130371e-01
8.990865945816040039e-01
8.992596268653869629e-01
8.985139727592468262e-01
8.983448743820190430e-01
8.995116949081420898e-01
9.002906084060668945e-01
8.997297883033752441e-01
9.006835818290710449e-01
8.992606401443481445e-01
9.003503322601318359e-01
8.992565870285034180e-01
8.990855216979980469e-01
8.998973369598388672e-01
9.005508422851562500e-01
9.006129503250122070e-01
8.998274803161621094e-01
8.996701240539550781e-01
9.009280204772949219e-01
9.012143015861511230e-01
9.012345671653747559e-01
8.998492360115051270e-01
9.018940925598144531e-01
9.006665945053100586e-01
9.009928107261657715e-01
9.012159705162048340e-01
8.995607495307922363e-01
9.007999897003173828e-01
8.999686241149902344e-01
9.010344147682189941e-01
9.017939567565917969e-01
9.009705185890197754e-01
9.018647074699401855e-01
9.005513191223144531e-01
9.013295173645019531e-01
9.013036489486694336e-01
9.015709161758422852e-01
9.013464450836181641e-01
9.013562798500061035e-01
9.010415673255920410e-01
9.004111289978027344e-01
9.017549753189086914e-01
9.013736248016357422e-01
9.014827013015747070e-01
9.018327593803405762e-01
9.016306996345520020e-01
9.010104537010192871e-01
9.009230732917785645e-01
9.012296795845031738e-01
9.009690880775451660e-01
9.015739560127258301e-01
9.006505012512207031e-01
9.018369913101196289e-01
9.009680747985839844e-01
9.020175933837890625e-01
9.026046991348266602e-01
9.008685350418090820e-01
9.016636610031127930e-01
9.018540978431701660e-01
9.006083011627197266e-01
9.025802612304687500e-01
9.027932882308959961e-01
9.021867513656616211e-01
9.019092321395874023e-01
9.020878672599792480e-01
9.019135832786560059e-01
9.024470448493957520e-01
9.024701118469238281e-01
9.020718336105346680e-01
9.028661847114562988e-01
9.018858075141906738e-01
9.023482799530029297e-01
9.022958278656005859e-01
9.024998545646667480e-01
9.021272063255310059e-01
9.018400311470031738e-01
9.027579426765441895e-01
9.022160172462463379e-01
9.028129577636718750e-01
9.032301306724548340e-01
9.035444855690002441e-01
9.031801819801330566e-01
9.027397632598876953e-01
9.030054211616516113e-01
9.025074243545532227e-01
9.022933840751647949e-01
9.025710821151733398e-01
9.026184678077697754e-01
9.019047617912292480e-01
9.032235741615295410e-01
9.040428996086120605e-01
9.028814435005187988e-01
9.029015898704528809e-01
9.039520025253295898e-01
9.040216207504272461e-01
9.028419256210327148e-01
9.032307267189025879e-01
9.040400981903076172e-01
9.043166637420654297e-01
9.039952754974365234e-01
9.046322107315063477e-01
9.032856822013854980e-01
9.039409160614013672e-01
9.045437574386596680e-01
9.045353531837463379e-01
9.039218425750732422e-01
9.041200876235961914e-01
9.039906263351440430e-01
9.043636918067932129e-01
9.039439558982849121e-01
9.043799042701721191e-01
9.036570787429809570e-01
9.040530323982238770e-01
9.038541913032531738e-01
9.049484729766845703e-01
9.049127101898193359e-01
9.051212072372436523e-01
9.044536352157592773e-01
9.056944251060485840e-01
9.044917225837707520e-01
9.037044048309326172e-01
9.043943285942077637e-01
9.053996205329895020e-01
9.057942032814025879e-01
9.048057794570922852e-01
9.043466448783874512e-01
9.054006934165954590e-01
9.041514396667480469e-01
9.047502279281616211e-01
9.046394824981689453e-01
9.048074483871459961e-01
9.044266343116760254e-01
9.038891792297363281e-01
9.046085476875305176e-01
9.046337604522705078e-01
9.052985906600952148e-01
9.042638540267944336e-01
9.048047065734863281e-01
9.047089219093322754e-01
9.045948982238769531e-01
9.054355621337890625e-01
9.049366712570190430e-01
9.055253863334655762e-01
9.054646492004394531e-01
9.059698581695556641e-01
9.046978950500488281e-01
9.057810902595520020e-01
9.055212140083312988e-01
9.050908684730529785e-01
9.048905968666076660e-01
9.056061506271362305e-01
9.062221646308898926e-01
9.058846831321716309e-01
9.046767950057983398e-01
9.059928059577941895e-01
9.056884050369262695e-01
9.050651788711547852e-01
9.063659906387329102e-01
9.060180187225341797e-01
9.072116613388061523e-01
9.066232442855834961e-01
9.055440425872802734e-01
9.068812727928161621e-01
9.051736593246459961e-01
9.056928157806396484e-01
9.065291881561279297e-01
9.066538214683532715e-01
9.062288403511047363e-01
9.058714509010314941e-01
9.066627621650695801e-01
9.065322875976562500e-01
9.062328338623046875e-01
9.063436388969421387e-01
9.067186117172241211e-01
9.068906903266906738e-01
9.065480828285217285e-01
9.065322279930114746e-01
9.072167873382568359e-01
9.062397480010986328e-01
9.074857831001281738e-01
9.064137339591979980e-01
9.060743451118469238e-01
9.065092206001281738e-01
9.055602550506591797e-01
9.065907001495361328e-01
9.069191217422485352e-01
9.058055281639099121e-01
9.067497253417968750e-01
9.057309627532958984e-01
9.060464501380920410e-01
9.060219526290893555e-01
9.062125682830810547e-01
9.071763753890991211e-01
9.066379666328430176e-01
9.074525237083435059e-01
9.066701531410217285e-01
9.061742424964904785e-01
9.059998989105224609e-01
9.059179425239562988e-01
9.053109884262084961e-01
9.060791134834289551e-01
9.066827297210693359e-01
9.049983024597167969e-01
9.050935506820678711e-01
9.070444703102111816e-01
9.045873284339904785e-01
9.064241051673889160e-01
9.050338268280029297e-01
9.054201245307922363e-01
9.057629108428955078e-01
9.059731960296630859e-01
9.055767655372619629e-01
9.057334661483764648e-01
9.064273834228515625e-01
9.063192605972290039e-01
9.056304693222045898e-01
9.046009182929992676e-01
9.053854346275329590e-01
9.052635431289672852e-01
9.055194258689880371e-01
9.056127071380615234e-01
9.055445194244384766e-01
9.048222899436950684e-01
9.044230580329895020e-01
9.057085514068603516e-01
9.049698114395141602e-01
9.051196575164794922e-01
9.053862094879150391e-01
9.050623178482055664e-01
9.056214094161987305e-01
9.043069481849670410e-01
9.057490825653076172e-01
9.046739339828491211e-01
9.048619866371154785e-01
9.060279726982116699e-01
9.047169685363769531e-01
9.045317173004150391e-01
9.053617715835571289e-01
9.047430157661437988e-01
9.048243165016174316e-01
9.044795036315917969e-01
9.046571254730224609e-01
9.044573307037353516e-01
9.046431183815002441e-01
9.039521813392639160e-01
9.036425948143005371e-01
9.033167958259582520e-01
9.041205644607543945e-01
9.043715000152587891e-01
9.042443633079528809e-01
9.048860073089599609e-01
9.050345420837402344e-01
9.052069187164306641e-01
9.057984948158264160e-01
9.053524732589721680e-01
9.055206775665283203e-01
9.053425788879394531e-01
9.049462676048278809e-01
9.051421880722045898e-01
9.055563211441040039e-01
9.051796197891235352e-01
9.059725999832153320e-01
9.057143330574035645e-01
9.057726860046386719e-01
9.056007266044616699e-01
9.061180353164672852e-01
9.063937664031982422e-01
9.067099094390869141e-01
9.067695140838623047e-01
9.082201123237609863e-01
9.072939157485961914e-01
9.073602557182312012e-01
9.068905711174011230e-01
9.078191518783569336e-01
9.084849357604980469e-01
9.080055356025695801e-01
9.088546633720397949e-01
9.087143540382385254e-01
9.077268838882446289e-01
9.085854291915893555e-01
9.085448384284973145e-01
9.088227748870849609e-01
9.088305830955505371e-01
9.079984426498413086e-01
9.088701605796813965e-01
9.090382456779479980e-01
9.090214371681213379e-01
9.089691638946533203e-01
9.097541570663452148e-01
9.090533256530761719e-01
9.094715714454650879e-01
9.092949628829956055e-01
9.092245697975158691e-01
9.099112749099731445e-01
9.088551402091979980e-01
9.097529649734497070e-01
9.097135663032531738e-01
9.091393351554870605e-01
9.095613360404968262e-01
9.099064469337463379e-01
9.090278744697570801e-01
9.104946851730346680e-01
9.107295274734497070e-01
9.103832840919494629e-01
9.106140136718750000e-01
9.097189903259277344e-01
9.100785255432128906e-01
9.103508591651916504e-01
9.093099236488342285e-01
9.108422994613647461e-01
9.101646542549133301e-01
9.102177619934082031e-01
9.108341336250305176e-01
9.105756878852844238e-01
9.109457135200500488e-01
9.096263051033020020e-01
9.106377959251403809e-01
9.100543856620788574e-01
9.101049304008483887e-01
9.102838039398193359e-01
9.106518626213073730e-01
9.098984003067016602e-01
9.100998640060424805e-01
9.094850420951843262e-01
9.105456471443176270e-01
9.107604026794433594e-01
9.107802510261535645e-01
9.099336862564086914e-01
9.101668596267700195e-01
9.108268618583679199e-01
9.105241298675537109e-01
9.094430804252624512e-01
9.106262326240539551e-01
9.107493758201599121e-01
9.097475409507751465e-01
9.101091027259826660e-01
9.110035896301269531e-01
9.105970263481140137e-01
9.110639095306396484e-01
9.104670882225036621e-01
9.110809564590454102e-01
9.112856388092041016e-01
9.106669425964355469e-01
9.110354781150817871e-01
9.108696579933166504e-01
9.110522270202636719e-01
9.109295606613159180e-01
9.108725190162658691e-01
9.120800495147705078e-01
9.106377363204956055e-01
9.115515351295471191e-01
9.106268286705017090e-01
9.110154509544372559e-01
9.119036793708801270e-01
9.117974042892456055e-01
9.110321998596191406e-01
9.117780923843383789e-01
9.123544096946716309e-01
9.120069146156311035e-01
9.116805195808410645e-01
9.117010235786437988e-01
9.123634099960327148e-01
9.122806787490844727e-01
9.125287532806396484e-01
9.118646979331970215e-01
9.120456576347351074e-01
9.120625853538513184e-01
9.117807149887084961e-01
9.130756855010986328e-01
9.124485850334167480e-01
9.127682447433471680e-01
9.124034643173217773e-01
9.120764136314392090e-01
9.119228124618530273e-01
9.121794104576110840e-01
9.124313592910766602e-01
9.122079610824584961e-01
9.130945801734924316e-01
9.127715229988098145e-01
9.125596880912780762e-01
9.124095439910888672e-01
9.124749898910522461e-01
9.123402237892150879e-01
9.114747047424316406e-01
9.127838015556335449e-01
9.112974405288696289e-01
9.117643833160400391e-01
9.128737449645996094e-01
9.120545983314514160e-01
9.134083390235900879e-01
9.129188656806945801e-01
9.127948284149169922e-01
9.135119915008544922e-01
9.131284952163696289e-01
9.132951498031616211e-01
9.128866791725158691e-01
9.125707745552062988e-01
9.133962988853454590e-01
9.124177694320678711e-01
9.132605195045471191e-01
9.132810831069946289e-01
9.136848449707031250e-01
9.131437540054321289e-01
9.137594699859619141e-01
9.136639237403869629e-01
9.116273522377014160e-01
9.132974743843078613e-01
9.138858914375305176e-01
9.139164686203002930e-01
9.136644005775451660e-01
9.137775301933288574e-01
9.136236310005187988e-01
9.135510921478271484e-01
9.133883714675903320e-01
9.143943786621093750e-01
9.130787849426269531e-01
9.132916331291198730e-01
9.138785004615783691e-01
9.135409593582153320e-01
9.133985638618469238e-01
9.134857058525085449e-01
9.137009978294372559e-01
9.137519598007202148e-01
9.135180711746215820e-01
9.132339954376220703e-01
9.139118194580078125e-01
9.138475656509399414e-01
9.134651422500610352e-01
9.134330749511718750e-01
9.141224622726440430e-01
9.127195477485656738e-01
9.133561849594116211e-01
9.136600494384765625e-01
9.128195047378540039e-01
9.140208959579467773e-01
9.133436083793640137e-01
9.137555956840515137e-01
9.129870533943176270e-01
9.138509631156921387e-01
9.143302440643310547e-01
9.131286144256591797e-01
9.138649106025695801e-01
9.138309955596923828e-01
9.129127264022827148e-01
9.135223627090454102e-01
9.128496050834655762e-01
9.137248396873474121e-01
9.132524728775024414e-01
9.133309721946716309e-01
9.127660989761352539e-01
9.127430915832519531e-01
9.116055369377136230e-01
9.119796752929687500e-01
9.123652577400207520e-01
9.119140505790710449e-01
9.124502539634704590e-01
9.126006960868835449e-01
9.123622775077819824e-01
9.129088521003723145e-01
9.123892784118652344e-01
9.124494791030883789e-01
9.123482704162597656e-01
9.123942852020263672e-01
9.122409224510192871e-01
9.133116006851196289e-01
9.120075106620788574e-01
9.128456115722656250e-01
9.131963849067687988e-01
9.133753776550292969e-01
9.124516248703002930e-01
9.127504229545593262e-01
9.128074645996093750e-01
9.124574065208435059e-01
9.126297235488891602e-01
9.119418263435363770e-01
9.125152826309204102e-01
9.118163585662841797e-01
9.130566120147705078e-01
9.124032855033874512e-01
9.120886921882629395e-01
9.120566844940185547e-01
9.120478630065917969e-01
9.128936529159545898e-01
9.121760725975036621e-01
9.126700758934020996e-01
9.122584462165832520e-01
9.128164052963256836e-01
9.123873710632324219e-01
9.125422835350036621e-01
9.133042097091674805e-01
9.127810597419738770e-01
9.130254983901977539e-01
9.134756326675415039e-01
9.128787517547607422e-01
9.131045341491699219e-01
9.138751029968261719e-01
9.143126010894775391e-01
9.131262302398681641e-01
9.134448170661926270e-01
9.141590595245361328e-01
9.139357805252075195e-01
9.143478870391845703e-01
9.138648509979248047e-01
9.140451550483703613e-01
9.136491417884826660e-01
9.141180515289306641e-01
9.146330356597900391e-01
9.127807617187500000e-01
9.140788316726684570e-01
9.153396487236022949e-01
9.143642187118530273e-01
9.138815402984619141e-01
9.148845672607421875e-01
9.149868488311767578e-01
9.141314625740051270e-01
9.157335758209228516e-01
9.150338172912597656e-01
9.162008762359619141e-01
9.152210950851440430e-01
9.166986346244812012e-01
9.151629805564880371e-01
9.160249233245849609e-01
9.152147173881530762e-01
9.162436127662658691e-01
9.164666533470153809e-01
9.161279201507568359e-01
9.170815944671630859e-01
9.173233509063720703e-01
9.177328348159790039e-01
9.171918630599975586e-01
9.170758128166198730e-01
9.172393679618835449e-01
9.171327352523803711e-01
9.176106452941894531e-01
9.171695709228515625e-01
9.172313213348388672e-01
9.174121022224426270e-01
9.175770282745361328e-01
9.173926711082458496e-01
9.172412157058715820e-01
9.181771874427795410e-01
9.172149896621704102e-01
9.177448153495788574e-01
9.176356792449951172e-01
9.175716638565063477e-01
9.176649451255798340e-01
9.168093800544738770e-01
9.179641604423522949e-01
9.173631072044372559e-01
9.183543324470520020e-01
9.171461462974548340e-01
9.173980951309204102e-01
9.172837734222412109e-01
9.180229902267456055e-01
9.173883199691772461e-01
9.181175231933593750e-01
9.169566631317138672e-01
9.181635975837707520e-01
9.180906414985656738e-01
9.168594479560852051e-01
9.183455109596252441e-01
9.172602891921997070e-01
9.176537990570068359e-01
9.178277850151062012e-01
9.177223443984985352e-01
9.171974062919616699e-01
9.179883599281311035e-01
9.178617000579833984e-01
9.179860949516296387e-01
9.175463914871215820e-01
9.173205494880676270e-01
9.188216924667358398e-01
9.173068404197692871e-01
9.174407720565795898e-01
9.186760187149047852e-01
9.182948470115661621e-01
9.179496765136718750e-01
9.171688556671142578e-01
9.177875518798828125e-01
9.177882671356201172e-01
9.173243641853332520e-01
9.173643589019775391e-01
9.176202416419982910e-01
9.176974296569824219e-01
9.171912670135498047e-01
9.174813032150268555e-01
9.172636270523071289e-01
9.186155796051025391e-01
9.179954528808593750e-01
9.175454974174499512e-01
9.175878763198852539e-01
9.180060029029846191e-01
9.180458188056945801e-01
9.185731410980224609e-01
9.181984066963195801e-01
9.178577661514282227e-01
9.173627495765686035e-01
9.181233048439025879e-01
9.180566668510437012e-01
9.175526499748229980e-01
9.185230731964111328e-01
9.179924130439758301e-01
9.181900024414062500e-01
9.183611869812011719e-01
9.192396402359008789e-01
9.189320206642150879e-01
9.188468456268310547e-01
9.180250763893127441e-01
9.174809455871582031e-01
9.181249737739562988e-01
9.182331562042236328e-01
9.192321896553039551e-01
9.193543195724487305e-01
9.183731675148010254e-01
9.183796048164367676e-01
9.190726280212402344e-01
9.184597730636596680e-01
9.191632866859436035e-01
9.182755947113037109e-01
9.184578061103820801e-01
9.185062646865844727e-01
9.188601970672607422e-01
9.188358783721923828e-01
9.179229736328125000e-01
9.188679456710815430e-01
9.176460504531860352e-01
9.180835485458374023e-01
9.189603328704833984e-01
9.176263213157653809e-01
9.191455245018005371e-01
9.181503057479858398e-01
9.183925390243530273e-01
9.193275570869445801e-01
9.193379282951354980e-01
9.183317422866821289e-01
9.193813204765319824e-01
9.188758730888366699e-01
9.192118644714355469e-01
9.192912578582763672e-01
9.190921187400817871e-01
9.180026054382324219e-01
9.189496040344238281e-01
9.187721014022827148e-01
9.190080165863037109e-01
9.191581606864929199e-01
9.200388193130493164e-01
9.184930324554443359e-01
9.189687371253967285e-01
9.203327894210815430e-01
9.195850491523742676e-01
9.198265671730041504e-01
9.194688200950622559e-01
9.196640253067016602e-01
9.201211333274841309e-01
9.199374318122863770e-01
9.203784465789794922e-01
9.202847480773925781e-01
9.201428294181823730e-01
9.197598099708557129e-01
9.203472733497619629e-01
9.205197095870971680e-01
9.205627441406250000e-01
9.198622703552246094e-01
9.207702875137329102e-01
9.201423525810241699e-01
9.205949902534484863e-01
9.206437468528747559e-01
9.208554625511169434e-01
9.211777448654174805e-01
9.205594658851623535e-01
9.194685220718383789e-01
9.193091392517089844e-01
9.208561182022094727e-01
9.198760986328125000e-01
9.204431176185607910e-01
9.201514720916748047e-01
9.201354384422302246e-01
9.208199977874755859e-01
9.218838214874267578e-01
9.211773872375488281e-01
9.217128157615661621e-01
9.214895367622375488e-01
9.210379123687744141e-01
9.215684533119201660e-01
9.212536811828613281e-01
9.213583469390869141e-01
9.216001629829406738e-01
9.215884208679199219e-01
9.212419986724853516e-01
9.205745458602905273e-01
9.214366674423217773e-01
9.218583106994628906e-01
9.218263030052185059e-01
9.211907982826232910e-01
9.207206964492797852e-01
9.217846393585205078e-01
9.216834306716918945e-01
9.217050075531005859e-01
9.214926362037658691e-01
9.210461378097534180e-01
9.214564561843872070e-01
9.217005968093872070e-01
9.217038750648498535e-01
9.217621684074401855e-01
9.222488999366760254e-01
9.227191209793090820e-01
9.219902157783508301e-01
9.218238592147827148e-01
9.223211407661437988e-01
9.222796559333801270e-01
9.224851131439208984e-01
9.226266741752624512e-01
9.218235611915588379e-01
9.222687482833862305e-01
9.217158555984497070e-01
9.220242500305175781e-01
9.224206805229187012e-01
9.217074513435363770e-01
9.220930337905883789e-01
9.219477772712707520e-01
9.224975705146789551e-01
9.224647283554077148e-01
9.222497344017028809e-01
9.221122860908508301e-01
9.226698279380798340e-01
9.220919013023376465e-01
9.220626950263977051e-01
9.220953583717346191e-01
9.225102066993713379e-01
9.220092892646789551e-01
9.226123094558715820e-01
9.223294258117675781e-01
9.224411249160766602e-01
9.230840206146240234e-01
9.231175780296325684e-01
9.224325418472290039e-01
9.231617450714111328e-01
9.226118326187133789e-01
9.235619902610778809e-01
9.226407408714294434e-01
9.228053092956542969e-01
9.224126935005187988e-01
9.229217767715454102e-01
9.232292771339416504e-01
9.238317608833312988e-01
9.227005839347839355e-01
9.236747622489929199e-01
9.232668876647949219e-01
9.232897758483886719e-01
9.237155914306640625e-01
9.237698316574096680e-01
9.231203198432922363e-01
9.232649803161621094e-01
9.240127801895141602e-01
9.241469502449035645e-01
9.236900210380554199e-01
9.238564968109130859e-01
9.235665798187255859e-01
9.241047501564025879e-01
9.235784411430358887e-01
9.237642884254455566e-01
9.237891435623168945e-01
9.241781830787658691e-01
9.239761829376220703e-01
9.243205785751342773e-01
9.236605763435363770e-01
9.244088530540466309e-01
9.243180751800537109e-01
9.236032366752624512e-01
9.239931702613830566e-01
9.243234395980834961e-01
9.242275953292846680e-01
9.240240454673767090e-01
9.236288666725158691e-01
9.239177107810974121e-01
9.247238039970397949e-01
9.236125946044921875e-01
9.240769743919372559e-01
9.240908026695251465e-01
9.238140583038330078e-01
9.243038892745971680e-01
9.242755174636840820e-01
9.248287677764892578e-01
9.232499599456787109e-01
9.242678880691528320e-01
9.242700934410095215e-01
9.245866537094116211e-01
9.241471886634826660e-01
9.245352149009704590e-01
9.235513210296630859e-01
9.248071908950805664e-01
9.245302081108093262e-01
9.245815873146057129e-01
9.243095517158508301e-01
9.241493344306945801e-01
9.248725771903991699e-01
9.253159165382385254e-01
9.254913926124572754e-01
9.246125817298889160e-01
9.242494702339172363e-01
9.245044589042663574e-01
9.245689511299133301e-01
9.244869947433471680e-01
9.250420928001403809e-01
9.241545200347900391e-01
9.248088002204895020e-01
9.247082471847534180e-01
9.247869849205017090e-01
9.242762923240661621e-01
9.244250655174255371e-01
9.248558282852172852e-01
9.250665903091430664e-01
9.243318438529968262e-01
9.245790243148803711e-01
9.245651960372924805e-01
9.248861670494079590e-01
9.243831038475036621e-01
9.245545268058776855e-01
9.245578050613403320e-01
9.256479144096374512e-01
9.248166084289550781e-01
9.251450896263122559e-01
9.248390793800354004e-01
9.237239360809326172e-01
9.241690039634704590e-01
9.245171546936035156e-01
9.248986840248107910e-01
9.241337776184082031e-01
9.249021410942077637e-01
9.241071939468383789e-01
9.245232939720153809e-01
9.248076677322387695e-01
9.248889088630676270e-01
9.242876172065734863e-01
9.247231483459472656e-01
9.240422248840332031e-01
9.250034093856811523e-01
9.251428246498107910e-01
9.253221750259399414e-01
9.244051575660705566e-01
9.241137504577636719e-01
9.242793321609497070e-01
9.251130819320678711e-01
9.246329665184020996e-01
9.246826171875000000e-01
9.247884154319763184e-01
9.245740771293640137e-01
9.244096279144287109e-01
9.255125522613525391e-01
9.248847961425781250e-01
9.249040484428405762e-01
9.246484637260437012e-01
9.251211285591125488e-01
9.254966974258422852e-01
9.247950911521911621e-01
9.243640303611755371e-01
9.246290326118469238e-01
9.252328276634216309e-01
9.245848059654235840e-01
9.253656864166259766e-01
9.252409338951110840e-01
9.245480298995971680e-01
9.249507784843444824e-01
9.248997569084167480e-01
9.240316748619079590e-01
9.247980713844299316e-01
9.248774647712707520e-01
9.247900247573852539e-01
9.250698089599609375e-01
9.244310259819030762e-01
9.248107075691223145e-01
9.245551228523254395e-01
9.248679876327514648e-01
9.245349168777465820e-01
9.257713556289672852e-01
9.249952435493469238e-01
9.243389964103698730e-01
9.252569675445556641e-01
9.246809482574462891e-01
9.253486394882202148e-01
9.252164959907531738e-01
9.258439540863037109e-01
9.252235889434814453e-01
9.253104329109191895e-01
9.257363677024841309e-01
9.249417185783386230e-01
9.249804019927978516e-01
9.252384901046752930e-01
9.249141216278076172e-01
9.250888228416442871e-01
9.250186085700988770e-01
9.241387844085693359e-01
9.257286190986633301e-01
9.255077838897705078e-01
9.256613850593566895e-01
9.248369336128234863e-01
9.257752895355224609e-01
9.254588484764099121e-01
9.253272414207458496e-01
9.256288409233093262e-01
9.249774217605590820e-01
9.251697063446044922e-01
9.262883067131042480e-01
9.253243803977966309e-01
9.260070919990539551e-01
9.265131950378417969e-01
9.251559972763061523e-01
9.254834055900573730e-01
9.246585369110107422e-01
9.260413646697998047e-01
9.256266951560974121e-01
9.258753061294555664e-01
9.256936907768249512e-01
9.253469705581665039e-01
9.253605604171752930e-01
9.256768822669982910e-01
9.262922406196594238e-01
9.246029853820800781e-01
9.253612756729125977e-01
9.256576299667358398e-01
9.253351092338562012e-01
9.256944060325622559e-01
9.251088500022888184e-01
9.264738559722900391e-01
9.256111383438110352e-01
9.253125190734863281e-01
9.259111881256103516e-01
9.252978563308715820e-01
9.258068799972534180e-01
9.262269735336303711e-01
9.256343245506286621e-01
9.264169335365295410e-01
9.257442951202392578e-01
9.256067872047424316e-01
9.255163073539733887e-01
9.251122474670410156e-01
9.262530803680419922e-01
9.264782667160034180e-01
9.257768392562866211e-01
9.263332486152648926e-01
9.263418316841125488e-01
9.253599643707275391e-01
9.260935783386230469e-01
9.257185459136962891e-01
9.256373643875122070e-01
9.265429973602294922e-01
9.268447756767272949e-01
9.259859323501586914e-01
9.266312122344970703e-01
9.263924360275268555e-01
9.256001114845275879e-01
9.269555807113647461e-01
9.261868000030517578e-01
9.261610507965087891e-01
9.265307784080505371e-01
9.259496927261352539e-01
9.263247847557067871e-01
9.260262846946716309e-01
9.264988899230957031e-01
9.268675446510314941e-01
9.261518716812133789e-01
9.261820912361145020e-01
9.263470172882080078e-01
9.257945418357849121e-01
9.266995191574096680e-01
9.264280796051025391e-01
9.263551235198974609e-01
9.254212379455566406e-01
9.261935353279113770e-01
9.265577793121337891e-01
9.261780381202697754e-01
9.262719750404357910e-01
9.262951016426086426e-01
9.265161156654357910e-01
9.273067712783813477e-01
9.262959361076354980e-01
9.268467426300048828e-01
9.260703325271606445e-01
9.271827936172485352e-01
9.262277483940124512e-01
9.264198541641235352e-01
9.265518784523010254e-01
9.260408282279968262e-01
9.269810318946838379e-01
9.272167682647705078e-01
9.272012114524841309e-01
9.265460371971130371e-01
9.264810085296630859e-01
9.255656599998474121e-01
9.255579113960266113e-01
9.270919561386108398e-01
9.263501167297363281e-01
9.266830682754516602e-01
9.262959361076354980e-01
9.257929325103759766e-01
9.266858100891113281e-01
9.267695546150207520e-01
9.274728298187255859e-01
9.268177747726440430e-01
9.265214800834655762e-01
9.263683557510375977e-01
9.267110228538513184e-01
9.267672896385192871e-01
9.274011254310607910e-01
9.269720315933227539e-01
9.266703128814697266e-01
9.273199439048767090e-01
9.269729852676391602e-01
9.266002178192138672e-01
9.275774955749511719e-01
9.277493357658386230e-01
9.273817539215087891e-01
9.269182085990905762e-01
9.267923831939697266e-01
9.267249107360839844e-01
9.266768097877502441e-01
9.268610477447509766e-01
9.263526797294616699e-01
9.270408749580383301e-01
9.264222979545593262e-01
9.263964891433715820e-01
9.271673560142517090e-01
9.269471764564514160e-01
9.270347356796264648e-01
9.266608953475952148e-01
9.268119335174560547e-01
9.269245266914367676e-01
9.269886016845703125e-01
9.271551370620727539e-01
9.270160198211669922e-01
9.261550903320312500e-01
9.270440936088562012e-01
9.271997213363647461e-01
9.270666241645812988e-01
9.268784523010253906e-01
9.266828894615173340e-01
9.269552826881408691e-01
9.272812008857727051e-01
9.270469546318054199e-01
9.268232583999633789e-01
9.273183941841125488e-01
9.265882968902587891e-01
9.272195696830749512e-01
9.278510808944702148e-01
9.267950654029846191e-01
9.274805188179016113e-01
9.270690083503723145e-01
9.267999529838562012e-01
9.268150925636291504e-01
9.270101785659790039e-01
9.262146949768066406e-01
9.262747168540954590e-01
9.266332387924194336e-01
9.269987344741821289e-01
9.268389344215393066e-01
9.273111224174499512e-01
9.268242716789245605e-01
9.269471764564514160e-01
9.265803694725036621e-01
9.270341396331787109e-01
9.271900057792663574e-01
9.266653656959533691e-01
9.271550178527832031e-01
9.265847802162170410e-01
9.261946678161621094e-01
9.268989562988281250e-01
9.266702532768249512e-01
9.275990128517150879e-01
9.268717765808105469e-01
9.278713464736938477e-01
9.271420240402221680e-01
9.271389842033386230e-01
9.271968603134155273e-01
9.278051853179931641e-01
9.267284870147705078e-01
9.271115064620971680e-01
9.270983338356018066e-01
9.278333783149719238e-01
9.269469976425170898e-01
9.274572730064392090e-01
9.268423318862915039e-01
9.270395040512084961e-01
9.273348450660705566e-01
9.273336529731750488e-01
9.273992180824279785e-01
9.268434047698974609e-01
9.267967343330383301e-01
9.263502359390258789e-01
9.266107082366943359e-01
9.269223213195800781e-01
9.262083172798156738e-01
9.270583391189575195e-01
9.259967803955078125e-01
9.273681044578552246e-01
9.269526600837707520e-01
9.262576103210449219e-01
9.262081384658813477e-01
9.272304773330688477e-01
9.258494377136230469e-01
9.261979460716247559e-01
9.261741042137145996e-01
9.259948730468750000e-01
9.266097545623779297e-01
9.265646338462829590e-01
9.266210794448852539e-01
9.265151023864746094e-01
9.265014529228210449e-01
9.262319207191467285e-01
9.265471100807189941e-01
9.267044067382812500e-01
9.265471100807189941e-01
9.275051355361938477e-01
9.262005090713500977e-01
9.273112416267395020e-01
9.272578358650207520e-01
9.273556470870971680e-01
9.265139698982238770e-01
9.264806509017944336e-01
9.270155429840087891e-01
9.262832403182983398e-01
9.272015094757080078e-01
9.268670082092285156e-01
9.266812801361083984e-01
9.266795516014099121e-01
9.274824261665344238e-01
9.277024865150451660e-01
9.273294210433959961e-01
9.275705218315124512e-01
9.274120926856994629e-01
9.271047711372375488e-01
9.273316860198974609e-01
9.277929067611694336e-01
9.272155761718750000e-01
9.277439713478088379e-01
9.270541667938232422e-01
9.268769621849060059e-01
9.275406002998352051e-01
9.278665184974670410e-01
9.275997877120971680e-01
9.272494316101074219e-01
9.271839261054992676e-01
9.278028607368469238e-01
9.275400638580322266e-01
9.276547431945800781e-01
9.276787042617797852e-01
9.276244640350341797e-01
9.267344474792480469e-01
9.278181195259094238e-01
9.275645613670349121e-01
9.271957278251647949e-01
9.269596934318542480e-01
9.280353784561157227e-01
9.275637865066528320e-01
9.280851483345031738e-01
9.279980659484863281e-01
9.274586439132690430e-01
9.279795885086059570e-01
9.275400638580322266e-01
9.278808832168579102e-01
9.280528426170349121e-01
9.281833171844482422e-01
9.280814528465270996e-01
9.280624389648437500e-01
9.283032417297363281e-01
9.278401136398315430e-01
9.272997975349426270e-01
9.276878833770751953e-01
9.281818866729736328e-01
9.280515909194946289e-01
9.279311895370483398e-01
9.278913736343383789e-01
9.289467334747314453e-01
9.278461933135986328e-01
9.274893403053283691e-01
9.272643923759460449e-01
9.278153777122497559e-01
9.272689819335937500e-01
9.270887970924377441e-01
9.276670813560485840e-01
9.280712008476257324e-01
9.274711012840270996e-01
9.271253943443298340e-01
9.281277656555175781e-01
9.280889630317687988e-01
9.273047447204589844e-01
9.282545447349548340e-01
9.277425408363342285e-01
9.281109571456909180e-01
9.277303814888000488e-01
9.277326464653015137e-01
9.277032613754272461e-01
9.279635548591613770e-01
9.289187788963317871e-01
9.283474683761596680e-01
9.278588294982910156e-01
9.286098480224609375e-01
9.278542995452880859e-01
9.277044534683227539e-01
9.283645749092102051e-01
9.288449287414550781e-01
9.279057383537292480e-01
9.282359480857849121e-01
9.285400509834289551e-01
9.289463758468627930e-01
9.289264082908630371e-01
9.282588362693786621e-01
9.285626411437988281e-01
9.289063811302185059e-01
9.290246367454528809e-01
9.284617900848388672e-01
9.285046458244323730e-01
9.288012981414794922e-01
9.286631941795349121e-01
9.294671416282653809e-01
9.291326999664306641e-01
9.287801980972290039e-01
9.287381172180175781e-01
9.288696050643920898e-01
9.287459850311279297e-01
9.290267229080200195e-01
9.293786883354187012e-01
9.294601678848266602e-01
9.293035864830017090e-01
9.289929270744323730e-01
9.294019937515258789e-01
9.288293719291687012e-01
9.290408492088317871e-01
9.287260174751281738e-01
9.287068247795104980e-01
9.293161034584045410e-01
9.289382696151733398e-01
9.292518496513366699e-01
9.287632703781127930e-01
9.289581179618835449e-01
9.291640520095825195e-01
9.288169741630554199e-01
9.294322133064270020e-01
9.289381504058837891e-01
9.295292496681213379e-01
9.299736618995666504e-01
9.291782975196838379e-01
9.292259812355041504e-01
9.299069046974182129e-01
9.292980432510375977e-01
9.297022819519042969e-01
9.293602108955383301e-01
9.289175271987915039e-01
9.279178380966186523e-01
9.302645325660705566e-01
9.290626645088195801e-01
9.294518828392028809e-01
9.296585321426391602e-01
9.302194118499755859e-01
9.299558401107788086e-01
9.287502765655517578e-01
9.296801686286926270e-01
9.292193055152893066e-01
9.291943311691284180e-01
9.292520880699157715e-01
9.300128817558288574e-01
9.290676116943359375e-01
9.295021891593933105e-01
9.303209185600280762e-01
9.299533367156982422e-01
9.298033118247985840e-01
9.304481744766235352e-01
9.297280311584472656e-01
9.299666881561279297e-01
9.296526908874511719e-01
9.307553172111511230e-01
9.305223822593688965e-01
9.300132989883422852e-01
9.303651452064514160e-01
9.303539991378784180e-01
9.302898645401000977e-01
9.306226372718811035e-01
9.304028153419494629e-01
9.299554228782653809e-01
9.300202131271362305e-01
9.299746751785278320e-01
9.304385185241699219e-01
9.306584000587463379e-01
9.303837418556213379e-01
9.303655028343200684e-01
9.305528402328491211e-01
9.301405549049377441e-01
9.302085638046264648e-01
9.304879903793334961e-01
9.303033351898193359e-01
9.307426214218139648e-01
9.306437969207763672e-01
9.307478070259094238e-01
9.315382242202758789e-01
9.306220412254333496e-01
9.316583275794982910e-01
9.305433630943298340e-01
9.305498003959655762e-01
9.306548237800598145e-01
9.313976168632507324e-01
9.306581020355224609e-01
9.311022162437438965e-01
9.311787486076354980e-01
9.310362339019775391e-01
9.309861660003662109e-01
9.314852356910705566e-01
9.309337139129638672e-01
9.308632612228393555e-01
9.314657449722290039e-01
9.317452311515808105e-01
9.310743808746337891e-01
9.309239983558654785e-01
9.308575391769409180e-01
9.315619468688964844e-01
9.308475255966186523e-01
9.306507110595703125e-01
9.315246343612670898e-01
9.314616918563842773e-01
9.318994283676147461e-01
9.312121868133544922e-01
9.307306408882141113e-01
9.304638504981994629e-01
9.308019280433654785e-01
9.309620857238769531e-01
9.314882159233093262e-01
9.307608008384704590e-01
9.308152794837951660e-01
9.309013485908508301e-01
9.309437274932861328e-01
9.304721355438232422e-01
9.303864240646362305e-01
9.308558702468872070e-01
9.310469627380371094e-01
9.310877919197082520e-01
9.309847950935363770e-01
9.310875535011291504e-01
9.309005737304687500e-01
9.309608340263366699e-01
9.312543272972106934e-01
9.305214881896972656e-01
9.315523505210876465e-01
9.310464262962341309e-01
9.309711456298828125e-01
9.311326742172241211e-01
9.308553338050842285e-01
9.306179881095886230e-01
9.314256310462951660e-01
9.311599731445312500e-01
9.309969544410705566e-01
9.318305850028991699e-01
9.309172034263610840e-01
9.315711855888366699e-01
9.309689998626708984e-01
9.310858249664306641e-01
9.314219951629638672e-01
9.322360157966613770e-01
9.316258430480957031e-01
9.302343726158142090e-01
9.314076304435729980e-01
9.310728311538696289e-01
9.315264821052551270e-01
9.312515854835510254e-01
9.308189153671264648e-01
9.307032823562622070e-01
9.317643642425537109e-01
9.314504265785217285e-01
9.317362904548645020e-01
9.308912158012390137e-01
9.309957027435302734e-01
9.313899278640747070e-01
9.313192963600158691e-01
9.315360784530639648e-01
9.316550493240356445e-01
9.319041967391967773e-01
9.309815764427185059e-01
9.306771755218505859e-01
9.312841892242431641e-01
9.310724139213562012e-01
9.312390089035034180e-01
9.321493506431579590e-01
9.313078522682189941e-01
9.313825964927673340e-01
9.320797920227050781e-01
9.313691854476928711e-01
9.317473769187927246e-01
9.316992163658142090e-01
9.318994283676147461e-01
9.312867522239685059e-01
9.322237968444824219e-01
9.317277669906616211e-01
9.318400621414184570e-01
9.312077164649963379e-01
9.317006468772888184e-01
9.317002296447753906e-01
9.323312640190124512e-01
9.319430589675903320e-01
9.327704906463623047e-01
9.326547384262084961e-01
9.319247603416442871e-01
9.320647716522216797e-01
9.312694072723388672e-01
9.320936799049377441e-01
9.319235086441040039e-01
9.320049881935119629e-01
9.317134618759155273e-01
9.326984882354736328e-01
9.322393536567687988e-01
9.327274560928344727e-01
9.325653314590454102e-01
9.320545196533203125e-01
9.325828552246093750e-01
9.321278333663940430e-01
9.320974946022033691e-01
9.320609569549560547e-01
9.321850538253784180e-01
9.317314028739929199e-01
9.326293468475341797e-01
9.326485991477966309e-01
9.323263764381408691e-01
9.328553676605224609e-01
9.325934052467346191e-01
9.320169091224670410e-01
9.323565959930419922e-01
9.324064850807189941e-01
9.324158430099487305e-01
9.330150485038757324e-01
9.332187175750732422e-01
9.330061078071594238e-01
9.321718811988830566e-01
9.332337975502014160e-01
9.322871565818786621e-01
9.320675134658813477e-01
9.325405955314636230e-01
9.321653842926025391e-01
9.327706694602966309e-01
9.325126409530639648e-01
9.327515959739685059e-01
9.327657818794250488e-01
9.324769377708435059e-01
9.324845671653747559e-01
9.333189129829406738e-01
9.330099225044250488e-01
9.329692721366882324e-01
9.331307411193847656e-01
9.329917430877685547e-01
9.327929615974426270e-01
9.328926205635070801e-01
9.324542284011840820e-01
9.320040345191955566e-01
9.331285357475280762e-01
9.332401752471923828e-01
9.336485862731933594e-01
9.333659410476684570e-01
9.333279132843017578e-01
9.324386715888977051e-01
9.330313205718994141e-01
9.327044486999511719e-01
9.334032535552978516e-01
9.329826831817626953e-01
9.340208172798156738e-01
9.327389001846313477e-01
9.333950877189636230e-01
9.332432746887207031e-01
9.333229064941406250e-01
9.333609938621520996e-01
9.333199262619018555e-01
9.333556294441223145e-01
9.329176545143127441e-01
9.336591958999633789e-01
9.332983493804931641e-01
9.332063198089599609e-01
9.333155751228332520e-01
9.323343038558959961e-01
9.326567053794860840e-01
9.326724410057067871e-01
9.328666925430297852e-01
9.322550892829895020e-01
9.328725934028625488e-01
9.331619143486022949e-01
9.329267740249633789e-01
9.329473376274108887e-01
9.331730604171752930e-01
9.332905411720275879e-01
9.336318969726562500e-01
9.319757223129272461e-01
9.332221150398254395e-01
9.334817528724670410e-01
9.323678612709045410e-01
9.332346916198730469e-01
9.334701299667358398e-01
9.341084361076354980e-01
9.331213235855102539e-01
9.336068630218505859e-01
9.332548379898071289e-01
9.333822727203369141e-01
9.326663017272949219e-01
9.327076673507690430e-01
9.330689907073974609e-01
9.334166049957275391e-01
9.326507449150085449e-01
9.332572221755981445e-01
9.331201314926147461e-01
9.329125285148620605e-01
9.340392947196960449e-01
9.335964322090148926e-01
9.328458905220031738e-01
9.335170984268188477e-01
9.330844283103942871e-01
9.336144924163818359e-01
9.335176348686218262e-01
9.332043528556823730e-01
9.333003163337707520e-01
9.335815310478210449e-01
9.328008294105529785e-01
9.338688850402832031e-01
9.334799051284790039e-01
9.339540600776672363e-01
9.332553148269653320e-01
9.330733418464660645e-01
9.335427880287170410e-01
9.334958791732788086e-01
9.330493211746215820e-01
9.337600469589233398e-01
9.338269233703613281e-01
9.329833388328552246e-01
9.332697987556457520e-01
9.333199858665466309e-01
9.331646561622619629e-01
9.336712360382080078e-01
9.332641363143920898e-01
9.331095814704895020e-01
9.329807758331298828e-01
9.335196614265441895e-01
9.332412481307983398e-01
9.333236813545227051e-01
9.333784580230712891e-01
9.338129162788391113e-01
9.334738850593566895e-01
9.337556958198547363e-01
9.333889484405517578e-01
9.336923360824584961e-01
9.329763650894165039e-01
9.336664080619812012e-01
9.340260028839111328e-01
9.334719777107238770e-01
9.329288005828857422e-01
9.332482814788818359e-01
9.339724779129028320e-01
9.332067966461181641e-01
9.332699775695800781e-01
9.334112405776977539e-01
9.338542819023132324e-01
9.338266849517822266e-01
9.335310459136962891e-01
9.340980052947998047e-01
9.337284564971923828e-01
9.335808753967285156e-01
9.337209463119506836e-01
9.333711266517639160e-01
9.332404136657714844e-01
9.337420463562011719e-01
9.329774379730224609e-01
9.337614178657531738e-01
9.334074258804321289e-01
9.334243535995483398e-01
9.335555434226989746e-01
9.330611228942871094e-01
9.337899684906005859e-01
9.340097308158874512e-01
9.331882596015930176e-01
9.336490035057067871e-01
9.334349036216735840e-01
9.336070418357849121e-01
9.342521429061889648e-01
9.337770342826843262e-01
9.344421625137329102e-01
9.338522553443908691e-01
9.335886240005493164e-01
9.334247708320617676e-01
9.340490698814392090e-01
9.337471127510070801e-01
9.336379766464233398e-01
9.342148303985595703e-01
9.337985515594482422e-01
9.339910745620727539e-01
9.327937364578247070e-01
9.338169097900390625e-01
9.344133138656616211e-01
9.342216253280639648e-01
9.342601895332336426e-01
9.338882565498352051e-01
9.340370297431945801e-01
9.338668584823608398e-01
9.345155358314514160e-01
9.342202544212341309e-01
9.345437884330749512e-01
9.341173768043518066e-01
9.340877532958984375e-01
9.342709183692932129e-01
9.336163401603698730e-01
9.337901473045349121e-01
9.334909915924072266e-01
9.343769550323486328e-01
9.340299367904663086e-01
9.340703487396240234e-01
9.335943460464477539e-01
9.334306120872497559e-01
9.341581463813781738e-01
9.347714185714721680e-01
9.347564578056335449e-01
9.340884685516357422e-01
9.336657524108886719e-01
9.345625042915344238e-01
9.341775774955749512e-01
9.336117506027221680e-01
9.343485832214355469e-01
9.334759712219238281e-01
9.340654015541076660e-01
9.334877133369445801e-01
9.335679411888122559e-01
9.340371489524841309e-01
9.338980317115783691e-01
9.335061907768249512e-01
9.342305064201354980e-01
9.340318441390991211e-01
9.338095188140869141e-01
9.335264563560485840e-01
9.339305162429809570e-01
9.331275224685668945e-01
9.331115484237670898e-01
9.336872100830078125e-01
9.329855442047119141e-01
9.334087371826171875e-01
9.329863786697387695e-01
9.338420033454895020e-01
9.334594011306762695e-01
9.331172108650207520e-01
9.337162971496582031e-01
9.338273406028747559e-01
9.340564608573913574e-01
9.338822960853576660e-01
9.333164095878601074e-01
9.334204792976379395e-01
9.339161515235900879e-01
9.328418970108032227e-01
9.333981275558471680e-01
9.328410625457763672e-01
9.323796033859252930e-01
9.337212443351745605e-01
9.332927465438842773e-01
9.334609508514404297e-01
9.328564405441284180e-01
9.328915476799011230e-01
9.334440827369689941e-01
9.337383508682250977e-01
9.338262677192687988e-01
9.331248998641967773e-01
9.340521097183227539e-01
9.336385130882263184e-01
9.342637062072753906e-01
9.331279993057250977e-01
9.343211650848388672e-01
9.338465929031372070e-01
9.336234927177429199e-01
9.339128136634826660e-01
9.346145391464233398e-01
9.339320659637451172e-01
9.332926869392395020e-01
9.341956973075866699e-01
9.338647723197937012e-01
9.334802031517028809e-01
9.338572621345520020e-01
9.339810013771057129e-01
9.332646131515502930e-01
9.340347051620483398e-01
9.342367649078369141e-01
9.338620901107788086e-01
9.340296983718872070e-01
9.340403079986572266e-01
9.340454339981079102e-01
9.342806935310363770e-01
9.340807199478149414e-01
9.343193769454956055e-01
9.345319867134094238e-01
9.341586232185363770e-01
9.343380928039550781e-01
9.345463514328002930e-01
9.344215393066406250e-01
9.343211650848388672e-01
9.337860345840454102e-01
9.339262247085571289e-01
9.339653253555297852e-01
9.344158172607421875e-01
9.342895746231079102e-01
9.343165755271911621e-01
9.349753856658935547e-01
9.349641203880310059e-01
9.346852302551269531e-01
9.349353313446044922e-01
9.344781637191772461e-01
9.343728423118591309e-01
9.347748756408691406e-01
9.348403811454772949e-01
9.350278973579406738e-01
9.346711635589599609e-01
9.347078800201416016e-01
9.349667429924011230e-01
9.345883131027221680e-01
9.347932338714599609e-01
9.349482655525207520e-01
9.349403977394104004e-01
9.350841045379638672e-01
9.343968033790588379e-01
9.348097443580627441e-01
9.351071715354919434e-01
9.350787997245788574e-01
9.347043633460998535e-01
9.343026876449584961e-01
9.348608255386352539e-01
9.346612691879272461e-01
9.344799518585205078e-01
9.347016811370849609e-01
9.352644085884094238e-01
9.348803758621215820e-01
9.347247481346130371e-01
9.353275895118713379e-01
9.347837567329406738e-01
9.359413385391235352e-01
9.346658587455749512e-01
9.349834918975830078e-01
9.351752400398254395e-01
9.345646500587463379e-01
9.345452785491943359e-01
9.347149133682250977e-01
9.342384934425354004e-01
9.351882934570312500e-01
9.340845346450805664e-01
9.351674914360046387e-01
9.350628852844238281e-01
9.342688918113708496e-01
9.338387250900268555e-01
9.347376823425292969e-01
9.340610504150390625e-01
9.345075488090515137e-01
9.341511726379394531e-01
9.341322183609008789e-01
9.343907833099365234e-01
9.345308542251586914e-01
9.349880814552307129e-01
9.350849390029907227e-01
9.339411854743957520e-01
9.348318576812744141e-01
9.351919293403625488e-01
9.346516132354736328e-01
9.337081313133239746e-01
9.350706338882446289e-01
9.346089363098144531e-01
9.350624084472656250e-01
9.353518486022949219e-01
9.350244998931884766e-01
9.351215958595275879e-01
9.349195957183837891e-01
9.352368712425231934e-01
9.348515868186950684e-01
9.359503984451293945e-01
9.354373216629028320e-01
9.351648092269897461e-01
9.348779320716857910e-01
9.353479743003845215e-01
9.358575344085693359e-01
9.353615641593933105e-01
9.354689121246337891e-01
9.349607229232788086e-01
9.353755116462707520e-01
9.343752861022949219e-01
9.349267482757568359e-01
9.349335432052612305e-01
9.352067708969116211e-01
9.351754784584045410e-01
9.348714947700500488e-01
9.351986646652221680e-01
9.351292252540588379e-01
9.352024793624877930e-01
9.352314472198486328e-01
9.350444078445434570e-01
9.350692033767700195e-01
9.348303079605102539e-01
9.351898431777954102e-01
9.351400732994079590e-01
9.353111386299133301e-01
9.345752000808715820e-01
9.348103404045104980e-01
9.350019693374633789e-01
9.349528551101684570e-01
9.346659183502197266e-01
9.344970583915710449e-01
9.346763491630554199e-01
9.352548122406005859e-01
9.356195330619812012e-01
9.350757002830505371e-01
9.351021647453308105e-01
9.351168870925903320e-01
9.355578422546386719e-01
9.353091716766357422e-01
9.354643821716308594e-01
9.352841377258300781e-01
9.350546002388000488e-01
9.348090887069702148e-01
9.352551102638244629e-01
9.355778694152832031e-01
9.352888464927673340e-01
9.357956051826477051e-01
9.350591301918029785e-01
9.354830980300903320e-01
9.356504678726196289e-01
9.358450174331665039e-01
9.363029003143310547e-01
9.362826347351074219e-01
9.358816742897033691e-01
9.360375404357910156e-01
9.362259507179260254e-01
9.368653297424316406e-01
9.356075525283813477e-01
9.367188811302185059e-01
9.368275403976440430e-01
9.365460276603698730e-01
9.368382096290588379e-01
9.366487264633178711e-01
9.372714757919311523e-01
9.370490312576293945e-01
9.368604421615600586e-01
9.364540576934814453e-01
9.367872476577758789e-01
9.361455440521240234e-01
9.370561242103576660e-01
9.369338154792785645e-01
9.368962645530700684e-01
9.362038969993591309e-01
9.367563128471374512e-01
9.365724325180053711e-01
9.366686940193176270e-01
9.364612102508544922e-01
9.371654987335205078e-01
9.373753070831298828e-01
9.371272325515747070e-01
9.368932843208312988e-01
9.368025064468383789e-01
9.374499320983886719e-01
9.372811913490295410e-01
9.374175071716308594e-01
9.368968009948730469e-01
9.366594552993774414e-01
9.369627237319946289e-01
9.373294115066528320e-01
9.362392425537109375e-01
9.373918771743774414e-01
9.372605681419372559e-01
9.373724460601806641e-01
9.370658993721008301e-01
9.370457530021667480e-01
9.377841949462890625e-01
9.372610449790954590e-01
9.367588758468627930e-01
9.372506141662597656e-01
9.381196498870849609e-01
9.367877840995788574e-01
9.364444017410278320e-01
9.371145367622375488e-01
9.372501969337463379e-01
9.371667504310607910e-01
9.369882345199584961e-01
9.369165897369384766e-01
9.370338320732116699e-01
9.373894333839416504e-01
9.383100271224975586e-01
9.378778338432312012e-01
9.374847412109375000e-01
9.382583498954772949e-01
9.377558827400207520e-01
9.377136230468750000e-01
9.378116130828857422e-01
9.373271465301513672e-01
9.375575184822082520e-01
9.377296566963195801e-01
9.377607107162475586e-01
9.375613331794738770e-01
9.384417533874511719e-01
9.377092123031616211e-01
9.376327991485595703e-01
9.374282956123352051e-01
9.369016289710998535e-01
9.375051856040954590e-01
9.373016357421875000e-01
9.381055235862731934e-01
9.382773041725158691e-01
9.378863573074340820e-01
9.374474883079528809e-01
9.387615919113159180e-01
9.379532337188720703e-01
9.379866123199462891e-01
9.383624792098999023e-01
9.382809400558471680e-01
9.378710985183715820e-01
9.380156993865966797e-01
9.378698468208312988e-01
9.386144876480102539e-01
9.382760524749755859e-01
9.375417828559875488e-01
9.378917813301086426e-01
9.381834268569946289e-01
9.380971789360046387e-01
9.387843608856201172e-01
9.378237128257751465e-01
9.383131265640258789e-01
9.384890198707580566e-01
9.382466077804565430e-01
9.379741549491882324e-01
9.383171200752258301e-01
9.382632970809936523e-01
9.381749033927917480e-01
9.387176632881164551e-01
9.382485747337341309e-01
9.375588893890380859e-01
9.388711452484130859e-01
9.388697147369384766e-01
9.383131265640258789e-01
9.384692311286926270e-01
9.381378293037414551e-01
9.385488629341125488e-01
9.391269087791442871e-01
9.381801486015319824e-01
9.388356208801269531e-01
9.384436011314392090e-01
9.385893344879150391e-01
9.383504986763000488e-01
9.379912018775939941e-01
9.379951953887939453e-01
9.386470317840576172e-01
9.380761981010437012e-01
9.388982653617858887e-01
9.387190937995910645e-01
9.386556148529052734e-01
9.383065700531005859e-01
9.386274814605712891e-01
9.375451803207397461e-01
9.388368129730224609e-01
9.384410381317138672e-01
9.390463829040527344e-01
9.386689662933349609e-01
9.382923841476440430e-01
9.389145374298095703e-01
9.391359090805053711e-01
9.391163587570190430e-01
9.386547803878784180e-01
9.387689232826232910e-01
9.391824603080749512e-01
9.391313791275024414e-01
9.389147758483886719e-01
9.389318227767944336e-01
9.384046792984008789e-01
9.385895729064941406e-01
9.382745623588562012e-01
9.392400979995727539e-01
9.387638568878173828e-01
9.384422302246093750e-01
9.383047223091125488e-01
9.380906820297241211e-01
9.384593367576599121e-01
9.388008117675781250e-01
9.389721751213073730e-01
9.390342831611633301e-01
9.383319020271301270e-01
9.385534524917602539e-01
9.392585754394531250e-01
9.389261007308959961e-01
9.382589459419250488e-01
9.385571479797363281e-01
9.386837482452392578e-01
9.391310811042785645e-01
9.384452700614929199e-01
9.380301833152770996e-01
9.385684132575988770e-01
9.388030767440795898e-01
9.385282993316650391e-01
9.394677877426147461e-01
9.391961693763732910e-01
9.376404285430908203e-01
9.387500286102294922e-01
9.388133883476257324e-01
9.388973712921142578e-01
9.389319419860839844e-01
9.390262365341186523e-01
9.381369948387145996e-01
9.389316439628601074e-01
9.385060071945190430e-01
9.391474723815917969e-01
9.388982653617858887e-01
9.384706020355224609e-01
9.388547539710998535e-01
9.392778277397155762e-01
9.389624595642089844e-01
9.393054842948913574e-01
9.384130239486694336e-01
9.394261240959167480e-01
9.385939836502075195e-01
9.393097162246704102e-01
9.388785362243652344e-01
9.394700527191162109e-01
9.391223788261413574e-01
9.387180209159851074e-01
9.399734735488891602e-01
9.390721321105957031e-01
9.382112026214599609e-01
9.393370151519775391e-01
9.391917586326599121e-01
9.397085309028625488e-01
9.388586282730102539e-01
9.393800497055053711e-01
9.399057030677795410e-01
9.389659166336059570e-01
9.391250014305114746e-01
9.394657611846923828e-01
9.397375583648681641e-01
9.391993880271911621e-01
9.396427273750305176e-01
9.395626783370971680e-01
9.398722648620605469e-01
9.388771057128906250e-01
9.395271539688110352e-01
9.392265081405639648e-01
9.390350580215454102e-01
9.389883279800415039e-01
9.394756555557250977e-01
9.392683506011962891e-01
9.394647479057312012e-01
9.399392604827880859e-01
9.393672347068786621e-01
9.397418498992919922e-01
9.397192597389221191e-01
9.395705461502075195e-01
9.393173456192016602e-01
9.393016695976257324e-01
9.396144747734069824e-01
9.391229152679443359e-01
9.399294853210449219e-01
9.396779537200927734e-01
9.398857355117797852e-01
9.390371441841125488e-01
9.393341541290283203e-01
9.396837353706359863e-01
9.397888779640197754e-01
9.392150044441223145e-01
9.396374225616455078e-01
9.399441480636596680e-01
9.392909407615661621e-01
9.393424987792968750e-01
9.395710825920104980e-01
9.401673674583435059e-01
9.390559196472167969e-01
9.394687414169311523e-01
9.393633008003234863e-01
9.391831755638122559e-01
9.391918778419494629e-01
9.401245117187500000e-01
9.396364092826843262e-01
9.394789338111877441e-01
9.398711919784545898e-01
9.397510290145874023e-01
9.395814538002014160e-01
9.396591186523437500e-01
9.388978481292724609e-01
9.389962553977966309e-01
9.397904276847839355e-01
9.396216869354248047e-01
9.394560456275939941e-01
9.398108124732971191e-01
9.391380548477172852e-01
9.393208026885986328e-01
9.396142363548278809e-01
9.397638440132141113e-01
9.395924210548400879e-01
9.397487640380859375e-01
9.404213428497314453e-01
9.397272467613220215e-01
9.399815201759338379e-01
9.394977092742919922e-01
9.396237134933471680e-01
9.398658871650695801e-01
9.401552081108093262e-01
9.391270279884338379e-01
9.395026564598083496e-01
9.400998950004577637e-01
9.395076632499694824e-01
9.396381974220275879e-01
9.400995373725891113e-01
9.399452209472656250e-01
9.395607709884643555e-01
9.395707845687866211e-01
9.398078322410583496e-01
9.397655725479125977e-01
9.395241737365722656e-01
9.402785301208496094e-01
9.394986033439636230e-01
9.400326013565063477e-01
9.396690130233764648e-01
9.402580261230468750e-01
9.403394460678100586e-01
9.399992227554321289e-01
9.394760727882385254e-01
9.401466250419616699e-01
9.398155212402343750e-01
9.403204917907714844e-01
9.401583671569824219e-01
9.397983551025390625e-01
9.398659467697143555e-01
9.400840997695922852e-01
9.399288892745971680e-01
9.400657415390014648e-01
9.395097494125366211e-01
9.398556351661682129e-01
9.403582215309143066e-01
9.402728080749511719e-01
9.391730427742004395e-01
9.396440386772155762e-01
9.400920271873474121e-01
9.399947524070739746e-01
9.404370188713073730e-01
9.402027726173400879e-01
9.398895502090454102e-01
9.399564862251281738e-01
9.395921230316162109e-01
9.401852488517761230e-01
9.396902322769165039e-01
9.400088787078857422e-01
9.407199025154113770e-01
9.395812749862670898e-01
9.402084350585937500e-01
9.403282403945922852e-01
9.397703409194946289e-01
9.406529068946838379e-01
9.399727582931518555e-01
9.407705068588256836e-01
9.402755498886108398e-01
9.403589367866516113e-01
9.407490491867065430e-01
9.405902028083801270e-01
9.405645132064819336e-01
9.408147931098937988e-01
9.403231739997863770e-01
9.402757287025451660e-01
9.405982494354248047e-01
9.409744739532470703e-01
9.404498338699340820e-01
9.403150677680969238e-01
9.406206607818603516e-01
9.404562115669250488e-01
9.409420490264892578e-01
9.403956532478332520e-01
9.409394264221191406e-01
9.411991238594055176e-01
9.399368166923522949e-01
9.406620860099792480e-01
9.402176141738891602e-01
9.404936432838439941e-01
9.407435655593872070e-01
9.406323432922363281e-01
9.403300285339355469e-01
9.410291910171508789e-01
9.405648708343505859e-01
9.408721923828125000e-01
9.403357505798339844e-01
9.407021999359130859e-01
9.409313797950744629e-01
9.404520988464355469e-01
9.404861330986022949e-01
9.406936764717102051e-01
9.404574036598205566e-01
9.408181905746459961e-01
9.407771229743957520e-01
9.404997825622558594e-01
9.405906200408935547e-01
9.407740831375122070e-01
9.412673711776733398e-01
9.406557679176330566e-01
9.413926601409912109e-01
9.409460425376892090e-01
9.413217306137084961e-01
9.406937956809997559e-01
9.413112401962280273e-01
9.404443502426147461e-01
9.409573078155517578e-01
9.409271478652954102e-01
9.410557746887207031e-01
9.413569569587707520e-01
9.416506290435791016e-01
9.411812424659729004e-01
9.414212703704833984e-01
9.413883686065673828e-01
9.409121870994567871e-01
9.415910243988037109e-01
9.411456584930419922e-01
9.418880939483642578e-01
9.405656456947326660e-01
9.409921169281005859e-01
9.417884945869445801e-01
9.410781264305114746e-01
9.414970874786376953e-01
9.413205981254577637e-01
9.417234659194946289e-01
9.413056969642639160e-01
9.414425492286682129e-01
9.411755204200744629e-01
9.413096904754638672e-01
9.416991472244262695e-01
9.414476156234741211e-01
9.414239525794982910e-01
9.416517615318298340e-01
9.416969418525695801e-01
9.420419335365295410e-01
9.419220089912414551e-01
9.416117072105407715e-01
9.416198134422302246e-01
9.421331882476806641e-01
9.415801763534545898e-01
9.417839646339416504e-01
9.413644671440124512e-01
9.415072798728942871e-01
9.414039850234985352e-01
9.414597153663635254e-01
9.421076178550720215e-01
9.415944814682006836e-01
9.414604306221008301e-01
9.415591359138488770e-01
9.411508440971374512e-01
9.416010379791259766e-01
9.407678246498107910e-01
9.413575530052185059e-01
9.410940408706665039e-01
9.415643215179443359e-01
9.406169652938842773e-01
9.412072896957397461e-01
9.408111572265625000e-01
9.406378269195556641e-01
9.414373636245727539e-01
9.407392740249633789e-01
9.411054849624633789e-01
9.410884380340576172e-01
9.409863352775573730e-01
9.408795237541198730e-01
9.411893486976623535e-01
9.405176639556884766e-01
9.407334923744201660e-01
9.412209987640380859e-01
9.409365057945251465e-01
9.404511451721191406e-01
9.406133890151977539e-01
9.415844082832336426e-01
9.419364929199218750e-01
9.414547681808471680e-01
9.410715699195861816e-01
9.420837163925170898e-01
9.410848021507263184e-01
9.414854645729064941e-01
9.415865540504455566e-01
9.415262341499328613e-01
9.414966106414794922e-01
9.421145915985107422e-01
9.409950971603393555e-01
9.407656192779541016e-01
9.413959383964538574e-01
9.415876269340515137e-01
9.416654706001281738e-01
9.410812258720397949e-01
9.418990612030029297e-01
9.416283965110778809e-01
9.417965412139892578e-01
9.415713548660278320e-01
9.410441517829895020e-01
9.410487413406372070e-01
9.415168166160583496e-01
9.410212635993957520e-01
9.413501024246215820e-01
9.413583278656005859e-01
9.411897063255310059e-01
9.418815374374389648e-01
9.417034983634948730e-01
9.414487481117248535e-01
9.417277574539184570e-01
9.418264627456665039e-01
9.417111277580261230e-01
9.417849183082580566e-01
9.419455528259277344e-01
9.422719478607177734e-01
9.419626593589782715e-01
9.424702525138854980e-01
9.415975809097290039e-01
9.420256018638610840e-01
9.421176910400390625e-01
9.417645335197448730e-01
9.421057105064392090e-01
9.419265985488891602e-01
9.424386620521545410e-01
9.417861700057983398e-01
9.420334696769714355e-01
9.423013329505920410e-01
9.419795274734497070e-01
9.424169659614562988e-01
9.414703845977783203e-01
9.423426985740661621e-01
9.416844844818115234e-01
9.421479701995849609e-01
9.420129656791687012e-01
9.425035119056701660e-01
9.416658878326416016e-01
9.413784742355346680e-01
9.420043826103210449e-01
9.423323273658752441e-01
9.420745968818664551e-01
9.421828985214233398e-01
9.415413737297058105e-01
9.417230486869812012e-01
9.421595931053161621e-01
9.422312378883361816e-01
9.421563744544982910e-01
9.424183368682861328e-01
9.422756433486938477e-01
9.419724345207214355e-01
9.421403408050537109e-01
9.424013495445251465e-01
9.422714114189147949e-01
9.421988725662231445e-01
9.418839812278747559e-01
9.418411254882812500e-01
9.418895244598388672e-01
9.426449537277221680e-01
9.421158432960510254e-01
9.421895742416381836e-01
9.419934153556823730e-01
9.419726729393005371e-01
9.422044157981872559e-01
9.418499469757080078e-01
9.420299530029296875e-01
9.422727823257446289e-01
9.426240324974060059e-01
9.428111314773559570e-01
9.433352947235107422e-01
9.416738152503967285e-01
9.424705505371093750e-01
9.425575137138366699e-01
9.424866437911987305e-01
9.424836635589599609e-01
9.428877234458923340e-01
9.427169561386108398e-01
9.421095252037048340e-01
9.429162740707397461e-01
9.424939155578613281e-01
9.428375363349914551e-01
9.422244429588317871e-01
9.427253603935241699e-01
9.429841637611389160e-01
9.421303272247314453e-01
9.427403807640075684e-01
9.424403309822082520e-01
9.427769184112548828e-01
9.430738687515258789e-01
9.433478713035583496e-01
9.429931640625000000e-01
9.431701898574829102e-01
9.431528449058532715e-01
9.427642226219177246e-01
9.431269168853759766e-01
9.432446360588073730e-01
9.428034424781799316e-01
9.436468482017517090e-01
9.434239268302917480e-01
9.431871175765991211e-01
9.431552290916442871e-01
9.430180191993713379e-01
9.434098601341247559e-01
9.428618550300598145e-01
9.430032372474670410e-01
9.432078003883361816e-01
9.430487155914306641e-01
9.431890845298767090e-01
9.435961842536926270e-01
9.431604146957397461e-01
9.434791803359985352e-01
9.431521892547607422e-01
9.432923793792724609e-01
9.429109096527099609e-01
9.429465532302856445e-01
9.437884688377380371e-01
9.433768987655639648e-01
9.433332681655883789e-01
9.436381459236145020e-01
9.434444904327392578e-01
9.428809285163879395e-01
9.430196881294250488e-01
9.440489411354064941e-01
9.429773092269897461e-01
9.432424902915954590e-01
9.431087970733642578e-01
9.435045123100280762e-01
9.435762166976928711e-01
9.437049627304077148e-01
9.429618120193481445e-01
9.435343146324157715e-01
9.436057209968566895e-01
9.433872103691101074e-01
9.432212710380554199e-01
9.433816671371459961e-01
9.434844851493835449e-01
9.429177641868591309e-01
9.439756870269775391e-01
9.434039592742919922e-01
9.438089132308959961e-01
9.437844753265380859e-01
9.432421922683715820e-01
9.436182975769042969e-01
9.435279965400695801e-01
9.434727430343627930e-01
9.432681798934936523e-01
9.435802698135375977e-01
9.436721801757812500e-01
9.437817335128784180e-01
9.438951611518859863e-01
9.436998963356018066e-01
9.430139064788818359e-01
9.436307549476623535e-01
9.438410401344299316e-01
9.437611103057861328e-01
9.442372918128967285e-01
9.439797997474670410e-01
9.438422322273254395e-01
9.434223771095275879e-01
9.438351392745971680e-01
9.438276886940002441e-01
9.433664083480834961e-01
9.439443349838256836e-01
9.434904456138610840e-01
9.440320730209350586e-01
9.435700774192810059e-01
9.433934092521667480e-01
9.434940814971923828e-01
9.435688853263854980e-01
9.437735676765441895e-01
9.434753656387329102e-01
9.437063336372375488e-01
9.441915750503540039e-01
9.437330365180969238e-01
9.433912634849548340e-01
9.434786438941955566e-01
9.435574412345886230e-01
9.437403678894042969e-01
9.439300298690795898e-01
9.438833594322204590e-01
9.435231089591979980e-01
9.438135027885437012e-01
9.437792897224426270e-01
9.438945651054382324e-01
9.437707662582397461e-01
9.443516731262207031e-01
9.441605210304260254e-01
9.444724917411804199e-01
9.439553618431091309e-01
9.446885585784912109e-01
9.439036846160888672e-01
9.445097446441650391e-01
9.445840716361999512e-01
9.442750811576843262e-01
9.446887373924255371e-01
9.444212317466735840e-01
9.438390135765075684e-01
9.446032643318176270e-01
9.444395303726196289e-01
9.438626766204833984e-01
9.441791772842407227e-01
9.444002509117126465e-01
9.443046450614929199e-01
9.443823099136352539e-01
9.443409442901611328e-01
9.443241953849792480e-01
9.439314007759094238e-01
9.444763064384460449e-01
9.443036913871765137e-01
9.444124102592468262e-01
9.444488286972045898e-01
9.446813464164733887e-01
9.444533586502075195e-01
9.447988271713256836e-01
9.445618987083435059e-01
9.447386860847473145e-01
9.446890354156494141e-01
9.444209933280944824e-01
9.439576864242553711e-01
9.442952871322631836e-01
9.448940157890319824e-01
9.447012543678283691e-01
9.450367689132690430e-01
9.448762536048889160e-01
9.443359971046447754e-01
9.445732235908508301e-01
9.443618655204772949e-01
9.445896148681640625e-01
9.445403814315795898e-01
9.444780945777893066e-01
9.447815418243408203e-01
9.445915818214416504e-01
9.447584748268127441e-01
9.449064731597900391e-01
9.444239735603332520e-01
9.440807104110717773e-01
9.446972012519836426e-01
9.447065591812133789e-01
9.441918730735778809e-01
9.442201852798461914e-01
9.444624185562133789e-01
9.446677565574645996e-01
9.446127414703369141e-01
9.449284076690673828e-01
9.451895356178283691e-01
9.441775679588317871e-01
9.447230696678161621e-01
9.445483684539794922e-01
9.445602297782897949e-01
9.449646472930908203e-01
9.442634582519531250e-01
9.448365569114685059e-01
9.452555179595947266e-01
9.446417093276977539e-01
9.453971385955810547e-01
9.451092481613159180e-01
9.449191093444824219e-01
9.445332288742065430e-01
9.445059895515441895e-01
9.453914165496826172e-01
9.451689124107360840e-01
9.447963237762451172e-01
9.452413916587829590e-01
9.446441531181335449e-01
9.444797635078430176e-01
9.451621770858764648e-01
9.452629089355468750e-01
9.447043538093566895e-01
9.445762634277343750e-01
9.448394775390625000e-01
9.445492625236511230e-01
9.445362687110900879e-01
9.449746608734130859e-01
9.450379014015197754e-01
9.446572661399841309e-01
9.446364641189575195e-01
9.449912905693054199e-01
9.446125626564025879e-01
9.449757933616638184e-01
9.447615146636962891e-01
9.448112249374389648e-01
9.450287818908691406e-01
9.451563954353332520e-01
9.447044134140014648e-01
9.449803829193115234e-01
9.448547959327697754e-01
9.448460340499877930e-01
9.449270367622375488e-01
9.448198676109313965e-01
9.440698027610778809e-01
9.448133707046508789e-01
9.448413848876953125e-01
9.444595575332641602e-01
9.448332786560058594e-01
9.445256590843200684e-01
9.444640874862670898e-01
9.447202086448669434e-01
9.448367357254028320e-01
9.443023800849914551e-01
9.446681737899780273e-01
9.447954297065734863e-01
9.440367817878723145e-01
9.444185495376586914e-01
9.444782733917236328e-01
9.448082447052001953e-01
9.441890120506286621e-01
9.444243907928466797e-01
9.450895786285400391e-01
9.445436000823974609e-01
9.452354311943054199e-01
9.448948502540588379e-01
9.447767734527587891e-01
9.450528025627136230e-01
9.445973038673400879e-01
9.443773627281188965e-01
9.447346329689025879e-01
9.450495839118957520e-01
9.444610476493835449e-01
9.446527361869812012e-01
9.451202154159545898e-01
9.452890157699584961e-01
9.449403285980224609e-01
9.444636702537536621e-01
9.447288513183593750e-01
9.444380402565002441e-01
9.444099664688110352e-01
9.450746178627014160e-01
9.449499249458312988e-01
9.445648789405822754e-01
9.452266097068786621e-01
9.449971914291381836e-01
9.449700713157653809e-01
9.447298645973205566e-01
9.451519846916198730e-01
9.450724720954895020e-01
9.449717998504638672e-01
9.449743628501892090e-01
9.449948072433471680e-01
9.448361396789550781e-01
9.452255368232727051e-01
9.447731971740722656e-01
9.453036785125732422e-01
9.456067681312561035e-01
9.457121491432189941e-01
9.454209804534912109e-01
9.458265900611877441e-01
9.444798827171325684e-01
9.457350373268127441e-01
9.448878765106201172e-01
9.454020857810974121e-01
9.453103542327880859e-01
9.456576704978942871e-01
9.458574056625366211e-01
9.452981352806091309e-01
9.453374743461608887e-01
9.463464617729187012e-01
9.455381035804748535e-01
9.450534582138061523e-01
9.455674886703491211e-01
9.452483654022216797e-01
9.452836513519287109e-01
9.451953172683715820e-01
9.458339810371398926e-01
9.454166889190673828e-01
9.459643363952636719e-01
9.458032250404357910e-01
9.455488324165344238e-01
9.455494880676269531e-01
9.459114074707031250e-01
9.457235932350158691e-01
9.458230733871459961e-01
9.459452629089355469e-01
9.461674690246582031e-01
9.456925988197326660e-01
9.462327361106872559e-01
9.460530281066894531e-01
9.459544420242309570e-01
9.461072683334350586e-01
9.459167718887329102e-01
9.461738467216491699e-01
9.462272524833679199e-01
9.464169144630432129e-01
9.460902214050292969e-01
9.464035034179687500e-01
9.462323784828186035e-01
9.454947113990783691e-01
9.457461833953857422e-01
9.458310604095458984e-01
9.457492232322692871e-01
9.461275339126586914e-01
9.461067318916320801e-01
9.460157752037048340e-01
9.459558129310607910e-01
9.458703398704528809e-01
9.466139078140258789e-01
9.464031457901000977e-01
9.459416270256042480e-01
9.455947279930114746e-01
9.459358453750610352e-01
9.455766081809997559e-01
9.456122517585754395e-01
9.463117718696594238e-01
9.457425475120544434e-01
9.464227557182312012e-01
9.462561011314392090e-01
9.453694224357604980e-01
9.459480047225952148e-01
9.458547830581665039e-01
9.459094405174255371e-01
9.467167854309082031e-01
9.458902478218078613e-01
9.459454417228698730e-01
9.465152025222778320e-01
9.460698962211608887e-01
9.462471008300781250e-01
9.463270306587219238e-01
9.456981420516967773e-01
9.457256197929382324e-01
9.462029337882995605e-01
9.453893899917602539e-01
9.455698132514953613e-01
9.460479617118835449e-01
9.458298683166503906e-01
9.458479881286621094e-01
9.460968971252441406e-01
9.455807209014892578e-01
9.461993575096130371e-01
9.462336897850036621e-01
9.454739093780517578e-01
9.456335306167602539e-01
9.461076855659484863e-01
9.457095265388488770e-01
9.457323551177978516e-01
9.459156990051269531e-01
9.454572796821594238e-01
9.457498192787170410e-01
9.462294578552246094e-01
9.456041455268859863e-01
9.457840919494628906e-01
9.460048079490661621e-01
9.457721114158630371e-01
9.456329345703125000e-01
9.464130401611328125e-01
9.460110664367675781e-01
9.457839727401733398e-01
9.461105465888977051e-01
9.454465508460998535e-01
9.458225965499877930e-01
9.465116262435913086e-01
9.462999105453491211e-01
9.460083246231079102e-01
9.460628032684326172e-01
9.460052251815795898e-01
9.457907676696777344e-01
9.463676214218139648e-01
9.458773732185363770e-01
9.454659819602966309e-01
9.460192918777465820e-01
9.462165832519531250e-01
9.458255171775817871e-01
9.460237026214599609e-01
9.461016058921813965e-01
9.461879134178161621e-01
9.461569786071777344e-01
9.457348585128784180e-01
9.462486505508422852e-01
9.462176561355590820e-01
9.457151889801025391e-01
9.454748630523681641e-01
9.460435509681701660e-01
9.462603926658630371e-01
9.457803368568420410e-01
9.464459419250488281e-01
9.458498358726501465e-01
9.458434581756591797e-01
9.463912844657897949e-01
9.461336731910705566e-01
9.461315870285034180e-01
9.461591839790344238e-01
9.458210468292236328e-01
9.461492896080017090e-01
9.460357427597045898e-01
9.460010528564453125e-01
9.462320208549499512e-01
9.460117220878601074e-01
9.461653828620910645e-01
9.457993507385253906e-01
9.464070200920104980e-01
9.467622637748718262e-01
9.462495446205139160e-01
9.460151791572570801e-01
9.462286233901977539e-01
9.463683962821960449e-01
9.459928274154663086e-01
9.460241794586181641e-01
9.464428424835205078e-01
9.462299942970275879e-01
9.465363025665283203e-01
9.463281035423278809e-01
9.464866518974304199e-01
9.460777044296264648e-01
9.468157887458801270e-01
9.463844299316406250e-01
9.463821649551391602e-01
9.464479088783264160e-01
9.461036920547485352e-01
9.466127753257751465e-01
9.460735917091369629e-01
9.467904567718505859e-01
9.462164044380187988e-01
9.458250403404235840e-01
9.465852975845336914e-01
9.463344812393188477e-01
9.465934634208679199e-01
9.465628862380981445e-01
9.460160732269287109e-01
9.458101391792297363e-01
9.463884234428405762e-01
9.463470578193664551e-01
9.463215470314025879e-01
9.458519816398620605e-01
9.464999437332153320e-01
9.458288550376892090e-01
9.464344978332519531e-01
9.465520977973937988e-01
9.465812444686889648e-01
9.463368058204650879e-01
9.462301731109619141e-01
9.462569952011108398e-01
9.462604522705078125e-01
9.463778138160705566e-01
9.464662075042724609e-01
9.462119936943054199e-01
9.460723996162414551e-01
9.463909268379211426e-01
9.466672539710998535e-01
9.468871951103210449e-01
9.463503360748291016e-01
9.460932016372680664e-01
9.460026621818542480e-01
9.460901021957397461e-01
9.465920925140380859e-01
9.463052153587341309e-01
9.466923475265502930e-01
9.464302659034729004e-01
9.462773203849792480e-01
9.467700123786926270e-01
9.464032649993896484e-01
9.462714195251464844e-01
9.462258815765380859e-01
9.467280507087707520e-01
9.464937448501586914e-01
9.465678334236145020e-01
9.466174244880676270e-01
9.463579058647155762e-01
9.465560317039489746e-01
9.466176033020019531e-01
9.464898109436035156e-01
9.471626877784729004e-01
9.468316435813903809e-01
9.468955993652343750e-01
9.473345279693603516e-01
9.471095204353332520e-01
9.464508891105651855e-01
9.464818835258483887e-01
9.468260407447814941e-01
9.472603797912597656e-01
9.468171596527099609e-01
9.470098614692687988e-01
9.468379020690917969e-01
9.465089440345764160e-01
9.469127058982849121e-01
9.474288821220397949e-01
9.466127753257751465e-01
9.473005533218383789e-01
9.463130831718444824e-01
9.467906355857849121e-01
9.469861388206481934e-01
9.465340971946716309e-01
9.467712640762329102e-01
9.465587735176086426e-01
9.466848969459533691e-01
9.471846222877502441e-01
9.467741250991821289e-01
9.468122124671936035e-01
9.473188519477844238e-01
9.470378160476684570e-01
9.466179013252258301e-01
9.473537206649780273e-01
9.469797015190124512e-01
9.464885592460632324e-01
9.470051527023315430e-01
9.470431804656982422e-01
9.475567340850830078e-01
9.465185403823852539e-01
9.471991062164306641e-01
9.468507170677185059e-01
9.466716647148132324e-01
9.467969536781311035e-01
9.466329813003540039e-01
9.466195106506347656e-01
9.468961954116821289e-01
9.471244812011718750e-01
9.471662640571594238e-01
9.468848705291748047e-01
9.467774033546447754e-01
9.470561146736145020e-01
9.467104077339172363e-01
9.470319151878356934e-01
9.470978379249572754e-01
9.477136731147766113e-01
9.471371173858642578e-01
9.468054175376892090e-01
9.468806385993957520e-01
9.470159411430358887e-01
9.470930695533752441e-01
9.465966224670410156e-01
9.467564225196838379e-01
9.464095830917358398e-01
9.471324682235717773e-01
9.466992020606994629e-01
9.467865228652954102e-01
9.470213055610656738e-01
9.474217295646667480e-01
9.463144540786743164e-01
9.464613199234008789e-01
9.474476575851440430e-01
9.467896819114685059e-01
9.469427466392517090e-01
9.478762745857238770e-01
9.477037191390991211e-01
9.473278522491455078e-01
9.469484686851501465e-01
9.466041326522827148e-01
9.475427269935607910e-01
9.472185373306274414e-01
9.475615024566650391e-01
9.470739960670471191e-01
9.469336867332458496e-01
9.472481012344360352e-01
9.466084241867065430e-01
9.475615024566650391e-01
9.474941492080688477e-01
9.471365213394165039e-01
9.471110701560974121e-01
9.477828741073608398e-01
9.474372267723083496e-01
9.471209645271301270e-01
9.469761848449707031e-01
9.476469159126281738e-01
9.475605487823486328e-01
9.478860497474670410e-01
9.469387531280517578e-01
9.471284747123718262e-01
9.467817544937133789e-01
9.470146298408508301e-01
9.475402235984802246e-01
9.476338028907775879e-01
9.475332498550415039e-01
9.470733404159545898e-01
9.473394751548767090e-01
9.469217658042907715e-01
9.472264647483825684e-01
9.467912316322326660e-01
9.466400146484375000e-01
9.470279216766357422e-01
9.464750885963439941e-01
9.470883011817932129e-01
9.470809102058410645e-01
9.473332166671752930e-01
9.471787810325622559e-01
9.473145008087158203e-01
9.471433758735656738e-01
9.470550417900085449e-01
9.474197626113891602e-01
9.467188119888305664e-01
9.472962021827697754e-01
9.469326734542846680e-01
9.475696086883544922e-01
9.473144412040710449e-01
9.468141198158264160e-01
9.467618465423583984e-01
9.469948410987854004e-01
9.468948245048522949e-01
9.472082257270812988e-01
9.469795227050781250e-01
9.468716382980346680e-01
9.476647973060607910e-01
9.474748373031616211e-01
9.473475813865661621e-01
9.465122818946838379e-01
9.472027420997619629e-01
9.471971988677978516e-01
9.475790262222290039e-01
9.471744298934936523e-01
9.476094841957092285e-01
9.472934007644653320e-01
9.474817514419555664e-01
9.470639228820800781e-01
9.475390911102294922e-01
9.478779435157775879e-01
9.476476907730102539e-01
9.476010799407958984e-01
9.469596147537231445e-01
9.472879767417907715e-01
9.480031728744506836e-01
9.479568600654602051e-01
9.475817680358886719e-01
9.476654529571533203e-01
9.471598267555236816e-01
9.478937387466430664e-01
9.475696086883544922e-01
9.479094147682189941e-01
9.482679963111877441e-01
9.480545520782470703e-01
9.480051994323730469e-01
9.477745294570922852e-01
9.475758075714111328e-01
9.475843906402587891e-01
9.476013779640197754e-01
9.478538632392883301e-01
9.474422931671142578e-01
9.478523731231689453e-01
9.478822946548461914e-01
9.480029344558715820e-01
9.480820298194885254e-01
9.481616020202636719e-01
9.477825164794921875e-01
9.474046826362609863e-01
9.477385878562927246e-01
9.475413560867309570e-01
9.477955698966979980e-01
9.476492404937744141e-01
9.476136565208435059e-01
9.476682543754577637e-01
9.479928016662597656e-01
9.473481774330139160e-01
9.478439092636108398e-01
9.477056860923767090e-01
9.478881955146789551e-01
9.481359720230102539e-01
9.474795460700988770e-01
9.480828642845153809e-01
9.480519294738769531e-01
9.475870728492736816e-01
9.476193189620971680e-01
9.478637576103210449e-01
9.479092359542846680e-01
9.475188255310058594e-01
9.478892683982849121e-01
9.477677941322326660e-01
9.471064805984497070e-01
9.480642676353454590e-01
9.477320313453674316e-01
9.477720856666564941e-01
9.478881955146789551e-01
9.478396773338317871e-01
9.477095007896423340e-01
9.475122094154357910e-01
9.477656483650207520e-01
9.476942420005798340e-01
9.479150176048278809e-01
9.478968977928161621e-01
9.476767182350158691e-01
9.480291008949279785e-01
9.476455450057983398e-01
9.479985237121582031e-01
9.478157758712768555e-01
9.482697248458862305e-01
9.473539590835571289e-01
9.475810527801513672e-01
9.476885795593261719e-01
9.479165673255920410e-01
9.477981328964233398e-01
9.476724267005920410e-01
9.481297135353088379e-01
9.472915530204772949e-01
9.473918080329895020e-01
9.482011198997497559e-01
9.478024244308471680e-01
9.480970501899719238e-01
9.474313259124755859e-01
9.485317468643188477e-01
9.477264285087585449e-01
9.476580023765563965e-01
9.476245045661926270e-01
9.481102824211120605e-01
9.473901987075805664e-01
9.478276968002319336e-01
9.478694200515747070e-01
9.480174183845520020e-01
9.478595256805419922e-01
9.475990533828735352e-01
9.479473829269409180e-01
9.483146667480468750e-01
9.476187825202941895e-01
9.477896094322204590e-01
9.479702711105346680e-01
9.477972388267517090e-01
9.480923414230346680e-01
9.483697414398193359e-01
9.477254748344421387e-01
9.480670690536499023e-01
9.481942653656005859e-01
9.477316141128540039e-01
9.480937719345092773e-01
9.479995965957641602e-01
9.473448395729064941e-01
9.474229216575622559e-01
9.479007124900817871e-01
9.480611681938171387e-01
9.479427933692932129e-01
9.472599625587463379e-01
9.477335214614868164e-01
9.479480981826782227e-01
9.477887749671936035e-01
9.476783871650695801e-01
9.476233124732971191e-01
9.478890895843505859e-01
9.476977586746215820e-01
9.483089447021484375e-01
9.480400681495666504e-01
9.482068419456481934e-01
9.479017853736877441e-01
9.482650756835937500e-01
9.483236074447631836e-01
9.484746456146240234e-01
9.479576945304870605e-01
9.481294155120849609e-01
9.480595588684082031e-01
9.487408995628356934e-01
9.478915333747863770e-01
9.480457901954650879e-01
9.483844041824340820e-01
9.480943083763122559e-01
9.478865265846252441e-01
9.483250379562377930e-01
9.478356242179870605e-01
9.480236172676086426e-01
9.477833509445190430e-01
9.478596448898315430e-01
9.484523534774780273e-01
9.481986761093139648e-01
9.484385848045349121e-01
9.482043385505676270e-01
9.481828212738037109e-01
9.480276703834533691e-01
9.481810927391052246e-01
9.481307268142700195e-01
9.483283758163452148e-01
9.483806490898132324e-01
9.481193423271179199e-01
9.480535984039306641e-01
9.483438134193420410e-01
9.486747980117797852e-01
9.478225708007812500e-01
9.483606815338134766e-01
9.484587311744689941e-01
9.482724070549011230e-01
9.480838179588317871e-01
9.484614729881286621e-01
9.482083320617675781e-01
9.483830332756042480e-01
9.483236670494079590e-01
9.484449625015258789e-01
9.479101300239562988e-01
9.486297369003295898e-01
9.479632377624511719e-01
9.484002590179443359e-01
9.479539394378662109e-01
9.483392834663391113e-01
9.479023814201354980e-01
9.481762647628784180e-01
9.481185674667358398e-01
9.481348991394042969e-01
9.484903216361999512e-01
9.481260180473327637e-01
9.486248493194580078e-01
9.483337402343750000e-01
9.477200508117675781e-01
9.485698938369750977e-01
9.480528831481933594e-01
9.484298825263977051e-01
9.486849904060363770e-01
9.478616118431091309e-01
9.480975270271301270e-01
9.485376477241516113e-01
9.486514925956726074e-01
9.484488964080810547e-01
9.482839107513427734e-01
9.479616284370422363e-01
9.482490420341491699e-01
9.482749104499816895e-01
9.487138986587524414e-01
9.485321044921875000e-01
9.479056000709533691e-01
9.486561417579650879e-01
9.480340480804443359e-01
9.482374787330627441e-01
9.481064677238464355e-01
9.482571482658386230e-01
9.485059976577758789e-01
9.482997655868530273e-01
9.478419423103332520e-01
9.481599330902099609e-01
9.482512474060058594e-01
9.488205909729003906e-01
9.484304785728454590e-01
9.483827352523803711e-01
9.479839801788330078e-01
9.482325911521911621e-01
9.485422372817993164e-01
9.483163952827453613e-01
9.486726522445678711e-01
9.485403299331665039e-01
9.483672380447387695e-01
9.484555721282958984e-01
9.487433433532714844e-01
9.488272070884704590e-01
9.484067559242248535e-01
9.484961032867431641e-01
9.478495717048645020e-01
9.482991099357604980e-01
9.482919573783874512e-01
9.483734369277954102e-01
9.480051994323730469e-01
9.483926296234130859e-01
9.485174417495727539e-01
9.484367370605468750e-01
9.483942985534667969e-01
9.486230611801147461e-01
9.485304355621337891e-01
9.482078552246093750e-01
9.482932090759277344e-01
9.484323263168334961e-01
9.483383297920227051e-01
9.482758045196533203e-01
9.486179351806640625e-01
9.483332633972167969e-01
9.486633539199829102e-01
9.484683275222778320e-01
9.485926628112792969e-01
9.480257630348205566e-01
9.484745860099792480e-01
9.481883049011230469e-01
9.487449526786804199e-01
9.486475586891174316e-01
9.488876461982727051e-01
9.483260512351989746e-01
9.483607411384582520e-01
9.490783214569091797e-01
9.482151865959167480e-01
9.480131268501281738e-01
9.485173225402832031e-01
9.483310580253601074e-01
9.486160278320312500e-01
9.487988352775573730e-01
9.485119581222534180e-01
9.486169219017028809e-01
9.482647776603698730e-01
9.485426545143127441e-01
9.481833577156066895e-01
9.488664269447326660e-01
9.488287568092346191e-01
9.485738277435302734e-01
9.486100077629089355e-01
9.486998915672302246e-01
9.481282830238342285e-01
9.488025903701782227e-01
9.490267038345336914e-01
9.483828544616699219e-01
9.488361477851867676e-01
9.487220048904418945e-01
9.490578174591064453e-01
9.483613371849060059e-01
9.490099549293518066e-01
9.486648440361022949e-01
9.482411146163940430e-01
9.490432143211364746e-01
9.484739899635314941e-01
9.485716819763183594e-01
9.488029479980468750e-01
9.483934044837951660e-01
9.489080309867858887e-01
9.484164714813232422e-01
9.484889507293701172e-01
9.485983848571777344e-01
9.484747052192687988e-01
9.483598470687866211e-01
9.483206868171691895e-01
9.488258361816406250e-01
9.484542012214660645e-01
9.484410881996154785e-01
9.487251043319702148e-01
9.475872516632080078e-01
9.483087658882141113e-01
9.481588602066040039e-01
9.480804204940795898e-01
9.483874440193176270e-01
9.478181600570678711e-01
9.481126666069030762e-01
9.484605193138122559e-01
9.483685493469238281e-01
9.482475519180297852e-01
9.484189748764038086e-01
9.484460353851318359e-01
9.485366940498352051e-01
9.480940103530883789e-01
9.480711221694946289e-01
9.488923549652099609e-01
9.484663605690002441e-01
9.483503699302673340e-01
9.486457705497741699e-01
9.481685161590576172e-01
9.483637809753417969e-01
9.479143023490905762e-01
9.485868811607360840e-01
9.482808113098144531e-01
9.485173225402832031e-01
9.490432143211364746e-01
9.481570720672607422e-01
9.489784240722656250e-01
9.486854672431945801e-01
9.486186504364013672e-01
9.486759901046752930e-01
9.487692117691040039e-01
9.486160874366760254e-01
9.489114284515380859e-01
9.487020969390869141e-01
9.486141800880432129e-01
9.485707283020019531e-01
9.486538171768188477e-01
9.488076567649841309e-01
9.484934806823730469e-01
9.484489560127258301e-01
9.487844705581665039e-01
9.486718773841857910e-01
9.487493634223937988e-01
9.487840533256530762e-01
9.493416547775268555e-01
9.494662284851074219e-01
9.491131305694580078e-01
9.489201307296752930e-01
9.489588141441345215e-01
9.496765136718750000e-01
9.492164850234985352e-01
9.494761824607849121e-01
9.491024613380432129e-01
9.489479064941406250e-01
9.490713477134704590e-01
9.490728974342346191e-01
9.494656324386596680e-01
9.488031268119812012e-01
9.490028619766235352e-01
9.491299390792846680e-01
9.494928121566772461e-01
9.496157169342041016e-01
9.489386081695556641e-01
9.490228295326232910e-01
9.498220682144165039e-01
9.495058655738830566e-01
9.497460722923278809e-01
9.484513998031616211e-01
9.488572478294372559e-01
9.495995044708251953e-01
9.490789175033569336e-01
9.498060345649719238e-01
9.489078521728515625e-01
9.490988850593566895e-01
9.493321776390075684e-01
9.495508074760437012e-01
9.493708610534667969e-01
9.488571882247924805e-01
9.495051503181457520e-01
9.489990472793579102e-01
9.493361115455627441e-01
9.496753215789794922e-01
9.488899111747741699e-01
9.495399594306945801e-01
9.496136307716369629e-01
9.495481848716735840e-01
9.499390125274658203e-01
9.502272009849548340e-01
9.496989250183105469e-01
9.495707154273986816e-01
9.494859576225280762e-01
9.497926235198974609e-01
9.504994153976440430e-01
9.499108791351318359e-01
9.499518871307373047e-01
9.501247406005859375e-01
9.499590992927551270e-01
9.500715732574462891e-01
9.495463371276855469e-01
9.501320123672485352e-01
9.494259357452392578e-01
9.502680897712707520e-01
9.502726793289184570e-01
9.500010609626770020e-01
9.497835636138916016e-01
9.503216743469238281e-01
9.501786828041076660e-01
9.500635266304016113e-01
9.503762125968933105e-01
9.499500393867492676e-01
9.503195881843566895e-01
9.498448967933654785e-01
9.505206346511840820e-01
9.501895904541015625e-01
9.498081207275390625e-01
9.494536519050598145e-01
9.501140713691711426e-01
9.496972560882568359e-01
9.500743150711059570e-01
9.500271677970886230e-01
9.499051570892333984e-01
9.500471353530883789e-01
9.498743414878845215e-01
9.499743580818176270e-01
9.500583410263061523e-01
9.498272538185119629e-01
9.501247406005859375e-01
9.501775503158569336e-01
9.499579668045043945e-01
9.502833485603332520e-01
9.497848749160766602e-01
9.502790570259094238e-01
9.497824907302856445e-01
9.497936964035034180e-01
9.500787258148193359e-01
9.505506753921508789e-01
9.500879049301147461e-01
9.502103924751281738e-01
9.499871730804443359e-01
9.497389197349548340e-01
9.500395059585571289e-01
9.504694938659667969e-01
9.495185017585754395e-01
9.500358700752258301e-01
9.501536488533020020e-01
9.499052166938781738e-01
9.500412940979003906e-01
9.496433138847351074e-01
9.501780867576599121e-01
9.500821828842163086e-01
9.497383832931518555e-01
9.501841664314270020e-01
9.498704671859741211e-01
9.503868222236633301e-01
9.507192373275756836e-01
9.496784806251525879e-01
9.503959417343139648e-01
9.503751993179321289e-01
9.500586986541748047e-01
9.504694938659667969e-01
9.501816034317016602e-01
9.501612782478332520e-01
9.504156708717346191e-01
9.505538344383239746e-01
9.495834112167358398e-01
9.498712420463562012e-01
9.501475691795349121e-01
9.501983523368835449e-01
9.500519633293151855e-01
9.508733153343200684e-01
9.501510858535766602e-01
9.503645300865173340e-01
9.501678347587585449e-01
9.508634805679321289e-01
9.499318599700927734e-01
9.502189755439758301e-01
9.498596191406250000e-01
9.502843618392944336e-01
9.503117203712463379e-01
9.505884051322937012e-01
9.499911665916442871e-01
9.507191181182861328e-01
9.499098062515258789e-01
9.505981206893920898e-01
9.507595896720886230e-01
9.505741596221923828e-01
9.504197835922241211e-01
9.504818916320800781e-01
9.504092931747436523e-01
9.502661824226379395e-01
9.504280090332031250e-01
9.508372545242309570e-01
9.501789808273315430e-01
9.508078694343566895e-01
9.505838751792907715e-01
9.505415558815002441e-01
9.505047798156738281e-01
9.502116441726684570e-01
9.502028822898864746e-01
9.503824114799499512e-01
9.501785039901733398e-01
9.505485296249389648e-01
9.504118561744689941e-01
9.502430558204650879e-01
9.502603411674499512e-01
9.509409070014953613e-01
9.505565166473388672e-01
9.508640170097351074e-01
9.505797028541564941e-01
9.509027004241943359e-01
9.506973028182983398e-01
9.508419632911682129e-01
9.505237340927124023e-01
9.504405260086059570e-01
9.502967000007629395e-01
9.504626393318176270e-01
9.506593942642211914e-01
9.500796794891357422e-01
9.505866765975952148e-01
9.505215287208557129e-01
9.504125714302062988e-01
9.506480693817138672e-01
9.507029056549072266e-01
9.504635334014892578e-01
9.508212208747863770e-01
9.507809281349182129e-01
9.500578045845031738e-01
9.506057500839233398e-01
9.506443738937377930e-01
9.504318237304687500e-01
9.503610134124755859e-01
9.503329396247863770e-01
9.503688812255859375e-01
9.509105086326599121e-01
9.501157999038696289e-01
9.508079290390014648e-01
9.508762955665588379e-01
9.508004188537597656e-01
9.510402083396911621e-01
9.510617256164550781e-01
9.506430029869079590e-01
9.509420990943908691e-01
9.503039717674255371e-01
9.507032632827758789e-01
9.506242275238037109e-01
9.509270191192626953e-01
9.506772756576538086e-01
9.509140253067016602e-01
9.515557885169982910e-01
9.511294364929199219e-01
9.501203298568725586e-01
9.510765075683593750e-01
9.505562782287597656e-01
9.506623744964599609e-01
9.505198597908020020e-01
9.508615136146545410e-01
9.509918093681335449e-01
9.506173729896545410e-01
9.511190652847290039e-01
9.509098529815673828e-01
9.506558179855346680e-01
9.506803750991821289e-01
9.509103894233703613e-01
9.505277872085571289e-01
9.504472613334655762e-01
9.511135816574096680e-01
9.508909583091735840e-01
9.502478837966918945e-01
9.507517814636230469e-01
9.508929252624511719e-01
9.506847858428955078e-01
9.508010745048522949e-01
9.510374665260314941e-01
9.503143429756164551e-01
9.511381387710571289e-01
9.507960677146911621e-01
9.509884119033813477e-01
9.508527517318725586e-01
9.505743384361267090e-01
9.507517814636230469e-01
9.507136344909667969e-01
9.512271285057067871e-01
9.508460164070129395e-01
9.506683945655822754e-01
9.507561326026916504e-01
9.511575102806091309e-01
9.508538842201232910e-01
9.504449963569641113e-01
9.508264064788818359e-01
9.503868222236633301e-01
9.501652717590332031e-01
9.506208896636962891e-01
9.504628181457519531e-01
9.510580301284790039e-01
9.504791498184204102e-01
9.503958821296691895e-01
9.505892992019653320e-01
9.505610466003417969e-01
9.504572153091430664e-01
9.510176181793212891e-01
9.502604603767395020e-01
9.501690864562988281e-01
9.504476785659790039e-01
9.505362510681152344e-01
9.502764344215393066e-01
9.504861235618591309e-01
9.505361914634704590e-01
9.506775140762329102e-01
9.500266909599304199e-01
9.506414532661437988e-01
9.500904679298400879e-01
9.508344531059265137e-01
9.506896138191223145e-01
9.507493376731872559e-01
9.508386254310607910e-01
9.505822658538818359e-01
9.508211016654968262e-01
9.509141445159912109e-01
9.506999254226684570e-01
9.509928822517395020e-01
9.508862495422363281e-01
9.506199359893798828e-01
9.506846666336059570e-01
9.506838917732238770e-01
9.505367875099182129e-01
9.505901932716369629e-01
9.510070681571960449e-01
9.508056640625000000e-01
9.509097337722778320e-01
9.514572620391845703e-01
9.506637454032897949e-01
9.507172107696533203e-01
9.503342509269714355e-01
9.510810971260070801e-01
9.511076211929321289e-01
9.509927630424499512e-01
9.513772726058959961e-01
9.510729312896728516e-01
9.514254927635192871e-01
9.510757327079772949e-01
9.508018493652343750e-01
9.513626098632812500e-01
9.507743120193481445e-01
9.511759877204895020e-01
9.512734413146972656e-01
9.510495662689208984e-01
9.512498974800109863e-01
9.506843090057373047e-01
9.506592750549316406e-01
9.508030414581298828e-01
9.512006640434265137e-01
9.514768719673156738e-01
9.510552883148193359e-01
9.505603313446044922e-01
9.505305290222167969e-01
9.507705569267272949e-01
9.510810375213623047e-01
9.513122439384460449e-01
9.512376189231872559e-01
9.509043097496032715e-01
9.511530995368957520e-01
9.512264728546142578e-01
9.506816267967224121e-01
9.508343338966369629e-01
9.514762759208679199e-01
9.513686895370483398e-01
9.508968591690063477e-01
9.512086510658264160e-01
9.510769844055175781e-01
9.514393806457519531e-01
9.510554671287536621e-01
9.509634375572204590e-01
9.514538645744323730e-01
9.512138366699218750e-01
9.513033032417297363e-01
9.515376091003417969e-01
9.508566856384277344e-01
9.509594440460205078e-01
9.508967399597167969e-01
9.511541724205017090e-01
9.506636261940002441e-01
9.508742690086364746e-01
9.512969851493835449e-01
9.509304165840148926e-01
9.511073231697082520e-01
9.512748718261718750e-01
9.509266614913940430e-01
9.512152671813964844e-01
9.512336850166320801e-01
9.511601924896240234e-01
9.507451057434082031e-01
9.515429735183715820e-01
9.508309364318847656e-01
9.510345458984375000e-01
9.513766765594482422e-01
9.510263204574584961e-01
9.511454701423645020e-01
9.513577222824096680e-01
9.510596394538879395e-01
9.512450695037841797e-01
9.512313604354858398e-01
9.510848522186279297e-01
9.510116577148437500e-01
9.520764350891113281e-01
9.510708451271057129e-01
9.511252045631408691e-01
9.511347413063049316e-01
9.511839151382446289e-01
9.510522484779357910e-01
9.515809416770935059e-01
9.514105916023254395e-01
9.510257840156555176e-01
9.513690471649169922e-01
9.516157507896423340e-01
9.510961174964904785e-01
9.516449570655822754e-01
9.510335326194763184e-01
9.506328105926513672e-01
9.512504339218139648e-01
9.515233039855957031e-01
9.512279033660888672e-01
9.515075683593750000e-01
9.508293867111206055e-01
9.513513445854187012e-01
9.514124989509582520e-01
9.518429636955261230e-01
9.514051079750061035e-01
9.509530067443847656e-01
9.508036971092224121e-01
9.511704444885253906e-01
9.516851902008056641e-01
9.507955908775329590e-01
9.511805772781372070e-01
9.513893723487854004e-01
9.514182209968566895e-01
9.510247111320495605e-01
9.512655735015869141e-01
9.516552686691284180e-01
9.510474205017089844e-01
9.516324400901794434e-01
9.514224529266357422e-01
9.515748023986816406e-01
9.514614939689636230e-01
9.515789151191711426e-01
9.513691663742065430e-01
9.515200853347778320e-01
9.515928626060485840e-01
9.515530467033386230e-01
9.515693783760070801e-01
9.520538449287414551e-01
9.516670107841491699e-01
9.512089490890502930e-01
9.514250159263610840e-01
9.514680504798889160e-01
9.515399336814880371e-01
9.517550468444824219e-01
9.513345360755920410e-01
9.515500068664550781e-01
9.512053132057189941e-01
9.512495994567871094e-01
9.510449767112731934e-01
9.524760246276855469e-01
9.515212178230285645e-01
9.515315890312194824e-01
9.512759447097778320e-01
9.514307379722595215e-01
9.512417316436767578e-01
9.515144228935241699e-01
9.511101245880126953e-01
9.513189792633056641e-01
9.518710374832153320e-01
9.514526128768920898e-01
9.518389701843261719e-01
9.509615302085876465e-01
9.514178633689880371e-01
9.514806866645812988e-01
9.520881175994873047e-01
9.519395232200622559e-01
9.514927864074707031e-01
9.511038064956665039e-01
9.512884616851806641e-01
9.515666961669921875e-01
9.518408179283142090e-01
9.517331123352050781e-01
9.513738751411437988e-01
9.517988562583923340e-01
9.517307877540588379e-01
9.509503841400146484e-01
9.513639807701110840e-01
9.515084624290466309e-01
9.518201947212219238e-01
9.514296054840087891e-01
9.517999291419982910e-01
9.521993994712829590e-01
9.518167972564697266e-01
9.515760540962219238e-01
9.511312842369079590e-01
9.518724083900451660e-01
9.520029425621032715e-01
9.517259001731872559e-01
9.514840841293334961e-01
9.519078731536865234e-01
9.514535665512084961e-01
9.523347616195678711e-01
9.509828686714172363e-01
9.520948529243469238e-01
9.516997337341308594e-01
9.515099525451660156e-01
9.509358406066894531e-01
9.514051675796508789e-01
9.516969323158264160e-01
9.515264630317687988e-01
9.513424634933471680e-01
9.518182277679443359e-01
9.514312744140625000e-01
9.519662261009216309e-01
9.518973827362060547e-01
9.514111280441284180e-01
9.520953297615051270e-01
9.520971775054931641e-01
9.514338970184326172e-01
9.514021277427673340e-01
9.515860676765441895e-01
9.515275359153747559e-01
9.518195986747741699e-01
9.517489671707153320e-01
9.515794515609741211e-01
9.521080255508422852e-01
9.517318010330200195e-01
9.516885280609130859e-01
9.511686563491821289e-01
9.515276551246643066e-01
9.518865942955017090e-01
9.516370892524719238e-01
9.521919488906860352e-01
9.517377614974975586e-01
9.516904950141906738e-01
9.519149661064147949e-01
9.514791965484619141e-01
9.518035650253295898e-01
9.514226317405700684e-01
9.515778422355651855e-01
9.511291384696960449e-01
9.515830874443054199e-01
9.517146348953247070e-01
9.516884088516235352e-01
9.515102505683898926e-01
9.511631727218627930e-01
9.517538547515869141e-01
9.515966773033142090e-01
9.515110850334167480e-01
9.520132541656494141e-01
9.514645338058471680e-01
9.516914486885070801e-01
9.514763355255126953e-01
9.511865377426147461e-01
9.512710571289062500e-01
9.517683386802673340e-01
9.515394568443298340e-01
9.518212080001831055e-01
9.513966441154479980e-01
9.519430398941040039e-01
9.520056247711181641e-01
9.516057372093200684e-01
9.522886872291564941e-01
9.517745971679687500e-01
9.517093896865844727e-01
9.519075751304626465e-01
9.518775939941406250e-01
9.520762562751770020e-01
9.519005417823791504e-01
9.517201185226440430e-01
9.516146183013916016e-01
9.523748755455017090e-01
9.520642161369323730e-01
9.516363739967346191e-01
9.520233273506164551e-01
9.518835544586181641e-01
9.523522853851318359e-01
9.521847367286682129e-01
9.518242478370666504e-01
9.522044658660888672e-01
9.518963098526000977e-01
9.518768191337585449e-01
9.521943926811218262e-01
9.523152112960815430e-01
9.519860744476318359e-01
9.520903229713439941e-01
9.520000219345092773e-01
9.519151449203491211e-01
9.520884752273559570e-01
9.523285031318664551e-01
9.523694515228271484e-01
9.520944952964782715e-01
9.525579810142517090e-01
9.522459506988525391e-01
9.521949887275695801e-01
9.518562555313110352e-01
9.523789882659912109e-01
9.524117112159729004e-01
9.521672129631042480e-01
9.524312615394592285e-01
9.526277184486389160e-01
9.524211287498474121e-01
9.523707628250122070e-01
9.518039226531982422e-01
9.518663287162780762e-01
9.525778293609619141e-01
9.526827931404113770e-01
9.521879553794860840e-01
9.519428014755249023e-01
9.520818591117858887e-01
9.518678188323974609e-01
9.521429538726806641e-01
9.523518085479736328e-01
9.520129561424255371e-01
9.517651200294494629e-01
9.526873826980590820e-01
9.524540901184082031e-01
9.523231387138366699e-01
9.523379802703857422e-01
9.521420001983642578e-01
9.526358842849731445e-01
9.523479938507080078e-01
9.521574974060058594e-01
9.520426392555236816e-01
9.522235989570617676e-01
9.521406292915344238e-01
9.519969224929809570e-01
9.524427652359008789e-01
9.527550339698791504e-01
9.520293474197387695e-01
9.520922899246215820e-01
9.525438547134399414e-01
9.524730443954467773e-01
9.517562985420227051e-01
9.520816206932067871e-01
9.528277516365051270e-01
9.522784352302551270e-01
9.522171616554260254e-01
9.523271322250366211e-01
9.519651532173156738e-01
9.522628188133239746e-01
9.524255394935607910e-01
9.527391791343688965e-01
9.519432187080383301e-01
9.521948099136352539e-01
9.527168869972229004e-01
9.522841572761535645e-01
9.521356821060180664e-01
9.520965814590454102e-01
9.522560238838195801e-01
9.523431658744812012e-01
9.521170258522033691e-01
9.524911642074584961e-01
9.524114727973937988e-01
9.521915316581726074e-01
9.522795081138610840e-01
9.527622461318969727e-01
9.521021246910095215e-01
9.529416561126708984e-01
9.524255394935607910e-01
9.520614743232727051e-01
9.525056481361389160e-01
9.527037739753723145e-01
9.524920582771301270e-01
9.521412849426269531e-01
9.524229168891906738e-01
9.522315859794616699e-01
9.521204233169555664e-01
9.521547555923461914e-01
9.522535800933837891e-01
9.529622793197631836e-01
9.524000287055969238e-01
9.528948068618774414e-01
9.526458978652954102e-01
9.523074626922607422e-01
9.527288675308227539e-01
9.525797963142395020e-01
9.522536396980285645e-01
9.524322748184204102e-01
9.524489045143127441e-01
9.522978067398071289e-01
9.527107477188110352e-01
9.531137943267822266e-01
9.525950551033020020e-01
9.524821639060974121e-01
9.527253508567810059e-01
9.525856971740722656e-01
9.525715708732604980e-01
9.527578949928283691e-01
9.524252414703369141e-01
9.528596401214599609e-01
9.528571367263793945e-01
9.527154564857482910e-01
9.523864984512329102e-01
9.531775712966918945e-01
9.526569843292236328e-01
9.523704648017883301e-01
9.523708820343017578e-01
9.528132677078247070e-01
9.528735876083374023e-01
9.529732465744018555e-01
9.527376294136047363e-01
9.529307484626770020e-01
9.527317881584167480e-01
9.531732201576232910e-01
9.525634646415710449e-01
9.526779055595397949e-01
9.528716206550598145e-01
9.529683589935302734e-01
9.530145525932312012e-01
9.529051184654235840e-01
9.530563950538635254e-01
9.530084133148193359e-01
9.530787467956542969e-01
9.525091648101806641e-01
9.528313279151916504e-01
9.525123834609985352e-01
9.526838660240173340e-01
9.527429342269897461e-01
9.532852172851562500e-01
9.530018568038940430e-01
9.526893496513366699e-01
9.526656866073608398e-01
9.530735015869140625e-01
9.524850249290466309e-01
9.530982971191406250e-01
9.527653455734252930e-01
9.534904360771179199e-01
9.530709981918334961e-01
9.526934623718261719e-01
9.530078172683715820e-01
9.530225992202758789e-01
9.534648060798645020e-01
9.528862237930297852e-01
9.531201124191284180e-01
9.533305168151855469e-01
9.528976678848266602e-01
9.531015753746032715e-01
9.532079100608825684e-01
9.531692266464233398e-01
9.526400566101074219e-01
9.529188275337219238e-01
9.536691308021545410e-01
9.530866742134094238e-01
9.531709551811218262e-01
9.525983929634094238e-01
9.526252746582031250e-01
9.531904458999633789e-01
9.530876278877258301e-01
9.533638954162597656e-01
9.534519910812377930e-01
9.532136321067810059e-01
9.531574845314025879e-01
9.535179138183593750e-01
9.529310464859008789e-01
9.521992206573486328e-01
9.528970122337341309e-01
9.527995586395263672e-01
9.532634019851684570e-01
9.528538584709167480e-01
9.529306292533874512e-01
9.532492160797119141e-01
9.529686570167541504e-01
9.531092643737792969e-01
9.530401825904846191e-01
9.531459212303161621e-01
9.535759091377258301e-01
9.533868432044982910e-01
9.532756805419921875e-01
9.536143541336059570e-01
9.531219601631164551e-01
9.533051252365112305e-01
9.527996778488159180e-01
9.530544877052307129e-01
9.530642628669738770e-01
9.534462094306945801e-01
9.529559612274169922e-01
9.530843496322631836e-01
9.525009393692016602e-01
9.533457159996032715e-01
9.531026482582092285e-01
9.529312849044799805e-01
9.531994462013244629e-01
9.529992938041687012e-01
9.532037377357482910e-01
9.529926776885986328e-01
9.536546468734741211e-01
9.533331990242004395e-01
9.534159302711486816e-01
9.530780315399169922e-01
9.529553055763244629e-01
9.533376097679138184e-01
9.534915089607238770e-01
9.534858465194702148e-01
9.534700512886047363e-01
9.532391428947448730e-01
9.535188078880310059e-01
9.538119435310363770e-01
9.533105492591857910e-01
9.535125494003295898e-01
9.535572528839111328e-01
9.528748989105224609e-01
9.538145661354064941e-01
9.534936547279357910e-01
9.531212449073791504e-01
9.532748460769653320e-01
9.531877636909484863e-01
9.531974792480468750e-01
9.536219239234924316e-01
9.530233740806579590e-01
9.531494379043579102e-01
9.538266062736511230e-01
9.536522626876831055e-01
9.534271359443664551e-01
9.530074596405029297e-01
9.534513950347900391e-01
9.533274769783020020e-01
9.537441730499267578e-01
9.536159038543701172e-01
9.535766839981079102e-01
9.536921977996826172e-01
9.538612961769104004e-01
9.537454247474670410e-01
9.529591202735900879e-01
9.534372091293334961e-01
9.535716772079467773e-01
9.535024762153625488e-01
9.532579183578491211e-01
9.538435339927673340e-01
9.534083008766174316e-01
9.535710811614990234e-01
9.533264040946960449e-01
9.533649682998657227e-01
9.534840583801269531e-01
9.537742733955383301e-01
9.532430171966552734e-01
9.538998603820800781e-01
9.533184766769409180e-01
9.536041021347045898e-01
9.535729885101318359e-01
9.540812969207763672e-01
9.530071020126342773e-01
9.538225531578063965e-01
9.534018635749816895e-01
9.535067081451416016e-01
9.531581401824951172e-01
9.535220265388488770e-01
9.534593224525451660e-01
9.530259966850280762e-01
9.533331990242004395e-01
9.533953666687011719e-01
9.533235430717468262e-01
9.538456797599792480e-01
9.538491964340209961e-01
9.532042145729064941e-01
9.538404345512390137e-01
9.536914229393005371e-01
9.532514214515686035e-01
9.535452127456665039e-01
9.538412690162658691e-01
9.539317488670349121e-01
9.531521797180175781e-01
9.535754323005676270e-01
9.537495374679565430e-01
9.533402323722839355e-01
9.538697600364685059e-01
9.533977508544921875e-01
9.538893699645996094e-01
9.539155364036560059e-01
9.531815052032470703e-01
9.536710977554321289e-01
9.536522626876831055e-01
9.538114666938781738e-01
9.537043571472167969e-01
9.538983702659606934e-01
9.534590244293212891e-01
9.536032676696777344e-01
9.538099169731140137e-01
9.531942605972290039e-01
9.538367390632629395e-01
9.532792568206787109e-01
9.537577629089355469e-01
9.534553289413452148e-01
9.538812041282653809e-01
9.537740945816040039e-01
9.534872174263000488e-01
9.531663656234741211e-01
9.534048438072204590e-01
9.535234570503234863e-01
9.537795186042785645e-01
9.540257453918457031e-01
9.545185565948486328e-01
9.536238312721252441e-01
9.533040523529052734e-01
9.534483551979064941e-01
9.537348151206970215e-01
9.535462856292724609e-01
9.536828398704528809e-01
9.539130926132202148e-01
9.538508653640747070e-01
9.540246725082397461e-01
9.535803198814392090e-01
9.536612033843994141e-01
9.539605975151062012e-01
9.532739520072937012e-01
9.534571766853332520e-01
9.536321759223937988e-01
9.536979794502258301e-01
9.535678029060363770e-01
9.530076384544372559e-01
9.539901018142700195e-01
9.535183906555175781e-01
9.537535309791564941e-01
9.535726904869079590e-01
9.535067081451416016e-01
9.539120197296142578e-01
9.536300897598266602e-01
9.536001086235046387e-01
9.532545208930969238e-01
9.538913965225219727e-01
9.535430669784545898e-01
9.532204270362854004e-01
9.534693956375122070e-01
9.537124037742614746e-01
9.532948136329650879e-01
9.535805583000183105e-01
9.527795910835266113e-01
9.537590742111206055e-01
9.535465836524963379e-01
9.534197449684143066e-01
9.535887241363525391e-01
9.538756012916564941e-01
9.536867737770080566e-01
9.541898965835571289e-01
9.534361958503723145e-01
9.537811279296875000e-01
9.539135694503784180e-01
9.538490176200866699e-01
9.536479115486145020e-01
9.533474445343017578e-01
9.541601538658142090e-01
9.536805748939514160e-01
9.537679553031921387e-01
9.539332389831542969e-01
9.541214704513549805e-01
9.540986418724060059e-01
9.537792205810546875e-01
9.538691043853759766e-01
9.536854624748229980e-01
9.538069367408752441e-01
9.540798664093017578e-01
9.534472823143005371e-01
9.538647532463073730e-01
9.539560675621032715e-01
9.539636969566345215e-01
9.538963437080383301e-01
9.536348581314086914e-01
9.536056518554687500e-01
9.540212154388427734e-01
9.538043737411499023e-01
9.538877606391906738e-01
9.538577198982238770e-01
9.544014930725097656e-01
9.534476995468139648e-01
9.536645412445068359e-01
9.538399577140808105e-01
9.537422060966491699e-01
9.542317986488342285e-01
9.542616009712219238e-01
9.537061452865600586e-01
9.537716507911682129e-01
9.543328285217285156e-01
9.538381099700927734e-01
9.541084170341491699e-01
9.542182087898254395e-01
9.542315602302551270e-01
9.541397690773010254e-01
9.540577530860900879e-01
9.540878534317016602e-01
9.537116885185241699e-01
9.542352557182312012e-01
9.539868235588073730e-01
9.535853862762451172e-01
9.540258646011352539e-01
9.544203281402587891e-01
9.538147449493408203e-01
9.546458721160888672e-01
9.542860388755798340e-01
9.534178972244262695e-01
9.541787505149841309e-01
9.540976881980895996e-01
9.540947079658508301e-01
9.543705582618713379e-01
9.544551372528076172e-01
9.539644122123718262e-01
9.539726972579956055e-01
9.540066719055175781e-01
9.539337754249572754e-01
9.542123675346374512e-01
9.539950489997863770e-01
9.537568092346191406e-01
9.541338086128234863e-01
9.539064168930053711e-01
9.544145464897155762e-01
9.542031884193420410e-01
9.542816877365112305e-01
9.545097351074218750e-01
9.543080329895019531e-01
9.546365141868591309e-01
9.543493390083312988e-01
9.536784291267395020e-01
9.541538357734680176e-01
9.541350007057189941e-01
9.543275237083435059e-01
9.541894793510437012e-01
9.546605944633483887e-01
9.540238380432128906e-01
9.547149538993835449e-01
9.542394876480102539e-01
9.547015428543090820e-01
9.544649720191955566e-01
9.545848369598388672e-01
9.544580578804016113e-01
9.538501501083374023e-01
9.541416764259338379e-01
9.544754028320312500e-01
9.544795155525207520e-01
9.544241428375244141e-01
9.544133543968200684e-01
9.544696211814880371e-01
9.547576904296875000e-01
9.543405771255493164e-01
9.544116854667663574e-01
9.548985362052917480e-01
9.538246989250183105e-01
9.545609354972839355e-01
9.544239640235900879e-01
9.541070461273193359e-01
9.542655348777770996e-01
9.544337391853332520e-01
9.541168212890625000e-01
9.541816115379333496e-01
9.546266198158264160e-01
9.548201560974121094e-01
9.549990892410278320e-01
9.548373222351074219e-01
9.543637633323669434e-01
9.544250369071960449e-01
9.542875885963439941e-01
9.548535346984863281e-01
9.547529816627502441e-01
9.544219970703125000e-01
9.544717669486999512e-01
9.545486569404602051e-01
9.541991949081420898e-01
9.541819095611572266e-01
9.544497728347778320e-01
9.546844959259033203e-01
9.550744891166687012e-01
9.542475342750549316e-01
9.542402625083923340e-01
9.545961618423461914e-01
9.541295766830444336e-01
9.548050165176391602e-01
9.548547267913818359e-01
9.548609852790832520e-01
9.545425176620483398e-01
9.542644023895263672e-01
9.548636078834533691e-01
9.547563791275024414e-01
9.547960162162780762e-01
9.545603990554809570e-01
9.541947841644287109e-01
9.546870589256286621e-01
9.548523426055908203e-01
9.548817276954650879e-01
9.540890455245971680e-01
9.551692008972167969e-01
9.544893503189086914e-01
9.547402858734130859e-01
9.545584321022033691e-01
9.542176723480224609e-01
9.543072581291198730e-01
9.545158147811889648e-01
9.545279145240783691e-01
9.544898271560668945e-01
9.549353122711181641e-01
9.545974135398864746e-01
9.544529914855957031e-01
9.546496868133544922e-01
9.547454118728637695e-01
9.548197984695434570e-01
9.546090960502624512e-01
9.548179507255554199e-01
9.544914364814758301e-01
9.544099569320678711e-01
9.542907476425170898e-01
9.546098113059997559e-01
9.546235799789428711e-01
9.546476006507873535e-01
9.550818800926208496e-01
9.543901085853576660e-01
9.545012116432189941e-01
9.549348950386047363e-01
9.542991518974304199e-01
9.549837708473205566e-01
9.544934034347534180e-01
9.546594023704528809e-01
9.545456171035766602e-01
9.541250467300415039e-01
9.550427794456481934e-01
9.545677304267883301e-01
9.549623131752014160e-01
9.550106525421142578e-01
9.548999071121215820e-01
9.547358751296997070e-01
9.545948505401611328e-01
9.546775221824645996e-01
9.547225832939147949e-01
9.547207355499267578e-01
9.545919895172119141e-01
9.546942114830017090e-01
9.541755914688110352e-01
9.547751545906066895e-01
9.550116062164306641e-01
9.547545909881591797e-01
9.545640349388122559e-01
9.544186592102050781e-01
9.546247720718383789e-01
9.545779228210449219e-01
9.544674754142761230e-01
9.545849561691284180e-01
9.546974301338195801e-01
9.545425176620483398e-01
9.543333649635314941e-01
9.547065496444702148e-01
9.544714093208312988e-01
9.547846913337707520e-01
9.545316100120544434e-01
9.543567895889282227e-01
9.545761346817016602e-01
9.547007679939270020e-01
9.548196196556091309e-01
9.549073576927185059e-01
9.544810652732849121e-01
9.544808864593505859e-01
9.544348716735839844e-01
9.543528556823730469e-01
9.543812274932861328e-01
9.545139074325561523e-01
9.544579982757568359e-01
9.547808170318603516e-01
9.545112848281860352e-01
9.541652798652648926e-01
9.545274376869201660e-01
9.551253318786621094e-01
9.545860886573791504e-01
9.541283249855041504e-01
9.548290967941284180e-01
9.543068408966064453e-01
9.544336199760437012e-01
9.546724557876586914e-01
9.544190764427185059e-01
9.546617865562438965e-01
9.540642499923706055e-01
9.544533491134643555e-01
9.544200301170349121e-01
9.543986320495605469e-01
9.546499848365783691e-01
9.548208713531494141e-01
9.540085792541503906e-01
9.546462297439575195e-01
9.545555710792541504e-01
9.544880390167236328e-01
9.546206593513488770e-01
9.547576904296875000e-01
9.546215534210205078e-01
9.548607468605041504e-01
9.546945691108703613e-01
9.550176858901977539e-01
9.547088742256164551e-01
9.544738531112670898e-01
9.542598128318786621e-01
9.546310901641845703e-01
9.548876881599426270e-01
9.548819065093994141e-01
9.550743103027343750e-01
9.548196196556091309e-01
9.546205401420593262e-01
9.544040560722351074e-01
9.548255801200866699e-01
9.545102119445800781e-01
9.550557136535644531e-01
9.549475312232971191e-01
9.551260471343994141e-01
9.543996453285217285e-01
9.549171924591064453e-01
9.547871947288513184e-01
9.547841548919677734e-01
9.545887112617492676e-01
9.545457363128662109e-01
9.545338153839111328e-01
9.549716114997863770e-01
9.548570513725280762e-01
9.547517895698547363e-01
9.547364115715026855e-01
9.549356698989868164e-01
9.550956487655639648e-01
9.548775553703308105e-01
9.546936154365539551e-01
9.549167156219482422e-01
9.554356336593627930e-01
9.546853899955749512e-01
9.547557234764099121e-01
9.552792310714721680e-01
9.548299312591552734e-01
9.551786184310913086e-01
9.544219970703125000e-01
9.545296430587768555e-01
9.551382660865783691e-01
9.549503922462463379e-01
9.553258419036865234e-01
9.551143646240234375e-01
9.548171758651733398e-01
9.549770951271057129e-01
9.550396800041198730e-01
9.548926353454589844e-01
9.549612402915954590e-01
9.547239542007446289e-01
9.553875923156738281e-01
9.551157951354980469e-01
9.548154473304748535e-01
9.548991322517395020e-01
9.551653265953063965e-01
9.555473327636718750e-01
9.551351666450500488e-01
9.547293186187744141e-01
9.548913836479187012e-01
9.546636343002319336e-01
9.550489783287048340e-01
9.548557996749877930e-01
9.546363949775695801e-01
9.554001688957214355e-01
9.549211859703063965e-01
9.551547765731811523e-01
9.548416137695312500e-01
9.555376172065734863e-01
9.555096626281738281e-01
9.549633860588073730e-01
9.551290869712829590e-01
9.551560878753662109e-01
9.549471139907836914e-01
9.549824595451354980e-01
9.554241895675659180e-01
9.553473591804504395e-01
9.550040960311889648e-01
9.548133611679077148e-01
9.555890560150146484e-01
9.555735588073730469e-01
9.549602270126342773e-01
9.549584984779357910e-01
9.547996520996093750e-01
9.551464319229125977e-01
9.546824693679809570e-01
9.550511240959167480e-01
9.550611972808837891e-01
9.552666544914245605e-01
9.552076458930969238e-01
9.547200798988342285e-01
9.552966952323913574e-01
9.556281566619873047e-01
9.554381370544433594e-01
9.551998376846313477e-01
9.553743004798889160e-01
9.553035497665405273e-01
9.555073380470275879e-01
9.549770355224609375e-01
9.549099206924438477e-01
9.554029703140258789e-01
9.549127817153930664e-01
9.551650881767272949e-01
9.556115865707397461e-01
9.555364251136779785e-01
9.550547003746032715e-01
9.551132917404174805e-01
9.552252292633056641e-01
9.557635784149169922e-01
9.560091495513916016e-01
9.551174640655517578e-01
9.550476074218750000e-01
9.556442499160766602e-01
9.552085399627685547e-01
9.555761814117431641e-01
9.550185203552246094e-01
9.551621079444885254e-01
9.549991488456726074e-01
9.546315670013427734e-01
9.557855129241943359e-01
9.553988575935363770e-01
9.554685950279235840e-01
9.551753401756286621e-01
9.550724029541015625e-01
9.556366205215454102e-01
9.552229046821594238e-01
9.550836086273193359e-01
9.558635950088500977e-01
9.556180834770202637e-01
9.555294513702392578e-01
9.553857445716857910e-01
9.555628895759582520e-01
9.552201628684997559e-01
9.553532600402832031e-01
9.551539421081542969e-01
9.554930925369262695e-01
9.555724859237670898e-01
9.556858539581298828e-01
9.551626443862915039e-01
9.552702307701110840e-01
9.550706744194030762e-01
9.552966356277465820e-01
9.551059603691101074e-01
9.553574919700622559e-01
9.552414417266845703e-01
9.555622935295104980e-01
9.548925161361694336e-01
9.555675983428955078e-01
9.552001357078552246e-01
9.555006623268127441e-01
9.556933045387268066e-01
9.555064439773559570e-01
9.553937315940856934e-01
9.556182026863098145e-01
9.558085799217224121e-01
9.551784992218017578e-01
9.552035331726074219e-01
9.553734064102172852e-01
9.554155468940734863e-01
9.556555151939392090e-01
9.555824398994445801e-01
9.556263089179992676e-01
9.554477930068969727e-01
9.554339051246643066e-01
9.557435512542724609e-01
9.557774066925048828e-01
9.554208517074584961e-01
9.553868770599365234e-01
9.556851387023925781e-01
9.558926224708557129e-01
9.557490348815917969e-01
9.554099440574645996e-01
9.554045796394348145e-01
9.557946920394897461e-01
9.552923440933227539e-01
9.554604291915893555e-01
9.554528594017028809e-01
9.555917382240295410e-01
9.554536342620849609e-01
9.552953839302062988e-01
9.552412629127502441e-01
9.550987482070922852e-01
9.555646777153015137e-01
9.555213451385498047e-01
9.552668929100036621e-01
9.556767344474792480e-01
9.557008147239685059e-01
9.550754427909851074e-01
9.552586078643798828e-01
9.550480842590332031e-01
9.553610086441040039e-01
9.556930661201477051e-01
9.553260803222656250e-01
9.551082849502563477e-01
9.553071856498718262e-01
9.554358124732971191e-01
9.559873938560485840e-01
9.555543661117553711e-01
9.553976655006408691e-01
9.558854699134826660e-01
9.557113647460937500e-01
9.554288983345031738e-01
9.554145932197570801e-01
9.554037451744079590e-01
9.550020098686218262e-01
9.557130932807922363e-01
9.552579522132873535e-01
9.555873870849609375e-01
9.554028511047363281e-01
9.559536576271057129e-01
9.551996588706970215e-01
9.555789828300476074e-01
9.556074738502502441e-01
9.554883837699890137e-01
9.554898142814636230e-01
9.557650685310363770e-01
9.553740024566650391e-01
9.552367925643920898e-01
9.551737904548645020e-01
9.556341767311096191e-01
9.554811120033264160e-01
9.554802179336547852e-01
9.558996558189392090e-01
9.557011127471923828e-01
9.558520317077636719e-01
9.553671479225158691e-01
9.555764198303222656e-01
9.558883905410766602e-01
9.557576775550842285e-01
9.559276103973388672e-01
9.555919170379638672e-01
9.556983709335327148e-01
9.557298421859741211e-01
9.557957649230957031e-01
9.557373523712158203e-01
9.554979801177978516e-01
9.558233022689819336e-01
9.558055996894836426e-01
9.559061527252197266e-01
9.558444023132324219e-01
9.552140831947326660e-01
9.558574557304382324e-01
9.554840326309204102e-01
9.556678533554077148e-01
9.557424783706665039e-01
9.557415843009948730e-01
9.556275010108947754e-01
9.562414288520812988e-01
9.556962847709655762e-01
9.557093977928161621e-01
9.556695818901062012e-01
9.558904767036437988e-01
9.560084342956542969e-01
9.560983180999755859e-01
9.558560252189636230e-01
9.560707211494445801e-01
9.559305310249328613e-01
9.555796980857849121e-01
9.555556774139404297e-01
9.559573531150817871e-01
9.556530714035034180e-01
9.561852812767028809e-01
9.557667374610900879e-01
9.559969902038574219e-01
9.558749198913574219e-01
9.561669826507568359e-01
9.554550647735595703e-01
9.556398987770080566e-01
9.552100896835327148e-01
9.555587172508239746e-01
9.554361104965209961e-01
9.556525945663452148e-01
9.553901553153991699e-01
9.554179310798645020e-01
9.554321169853210449e-01
9.554734826087951660e-01
9.551060199737548828e-01
9.551783800125122070e-01
9.553952217102050781e-01
9.558822512626647949e-01
9.556538462638854980e-01
9.558277726173400879e-01
9.555871486663818359e-01
9.554587602615356445e-01
9.561826586723327637e-01
9.556007981300354004e-01
9.557803273200988770e-01
9.559025764465332031e-01
9.555214047431945801e-01
9.557198286056518555e-01
9.555811285972595215e-01
9.557141065597534180e-01
9.559053182601928711e-01
9.556636214256286621e-01
9.561433196067810059e-01
9.558800458908081055e-01
9.557642936706542969e-01
9.555099606513977051e-01
9.555990695953369141e-01
9.559045433998107910e-01
9.557961225509643555e-01
9.561307430267333984e-01
9.559306502342224121e-01
9.553796648979187012e-01
9.556750655174255371e-01
9.551512002944946289e-01
9.557800292968750000e-01
9.559955000877380371e-01
9.555930495262145996e-01
9.555457830429077148e-01
9.559971690177917480e-01
9.557479619979858398e-01
9.558500647544860840e-01
9.558949470520019531e-01
9.556941390037536621e-01
9.556664824485778809e-01
9.557621479034423828e-01
9.557449221611022949e-01
9.556691646575927734e-01
9.553549885749816895e-01
9.556568264961242676e-01
9.558415412902832031e-01
9.553149938583374023e-01
9.554209113121032715e-01
9.556288123130798340e-01
9.560580253601074219e-01
9.560757279396057129e-01
9.560366868972778320e-01
9.551368951797485352e-01
9.552399516105651855e-01
9.555242061614990234e-01
9.557676911354064941e-01
9.560261368751525879e-01
9.561153650283813477e-01
9.554067850112915039e-01
9.555990695953369141e-01
9.560139179229736328e-01
9.558685421943664551e-01
9.556826949119567871e-01
9.559739828109741211e-01
9.554805159568786621e-01
9.552708268165588379e-01
9.555830955505371094e-01
9.554623365402221680e-01
9.559617042541503906e-01
9.554269313812255859e-01
9.556745290756225586e-01
9.555934071540832520e-01
9.553993344306945801e-01
9.560333490371704102e-01
9.552475214004516602e-01
9.553605914115905762e-01
9.556877017021179199e-01
9.554931521415710449e-01
9.555361866950988770e-01
9.560615420341491699e-01
9.554807543754577637e-01
9.558859467506408691e-01
9.556879997253417969e-01
9.556300640106201172e-01
9.559990167617797852e-01
9.556630849838256836e-01
9.557843804359436035e-01
9.553332328796386719e-01
9.558303952217102051e-01
9.555130600929260254e-01
9.554348587989807129e-01
9.557511806488037109e-01
9.555920958518981934e-01
9.553328752517700195e-01
9.556397795677185059e-01
9.558658599853515625e-01
9.559612870216369629e-01
9.559133052825927734e-01
9.556285738945007324e-01
9.556345939636230469e-01
9.557222127914428711e-01
9.554340839385986328e-01
9.557361006736755371e-01
9.553434848785400391e-01
9.554694294929504395e-01
9.555578827857971191e-01
9.559385180473327637e-01
9.554630517959594727e-01
9.557525515556335449e-01
9.558773040771484375e-01
9.553312659263610840e-01
9.555169939994812012e-01
9.558262825012207031e-01
9.557950496673583984e-01
9.554535746574401855e-01
9.555222988128662109e-01
9.556453227996826172e-01
9.556696414947509766e-01
9.557186365127563477e-01
9.554075002670288086e-01
9.552516341209411621e-01
9.557807445526123047e-01
9.554230570793151855e-01
9.555671811103820801e-01
9.551152586936950684e-01
9.554264545440673828e-01
9.554088711738586426e-01
9.559585452079772949e-01
9.554226398468017578e-01
9.555684924125671387e-01
9.553048610687255859e-01
9.553377032279968262e-01
9.554368853569030762e-01
9.549999833106994629e-01
9.556991457939147949e-01
9.555917382240295410e-01
9.551225304603576660e-01
9.550467133522033691e-01
9.554508924484252930e-01
9.552401900291442871e-01
9.549884200096130371e-01
9.553458690643310547e-01
9.550004601478576660e-01
9.547356963157653809e-01
9.551475048065185547e-01
9.553437829017639160e-01
9.551118612289428711e-01
9.551637172698974609e-01
9.552747607231140137e-01
9.557522535324096680e-01
9.549497961997985840e-01
9.553959369659423828e-01
9.553135037422180176e-01
9.553259015083312988e-01
9.556272625923156738e-01
9.551427960395812988e-01
9.555261731147766113e-01
9.550349712371826172e-01
9.554916620254516602e-01
9.551905989646911621e-01
9.554048180580139160e-01
9.553200602531433105e-01
9.553200006484985352e-01
9.555535912513732910e-01
9.556756615638732910e-01
9.549217224121093750e-01
9.557974934577941895e-01
9.557445049285888672e-01
9.558085799217224121e-01
9.551640152931213379e-01
9.556054472923278809e-01
9.552313089370727539e-01
9.553822278976440430e-01
9.553772807121276855e-01
9.552407860755920410e-01
9.554300904273986816e-01
9.557157754898071289e-01
9.559088349342346191e-01
9.552940130233764648e-01
9.558100104331970215e-01
9.552198648452758789e-01
9.555467963218688965e-01
9.553844332695007324e-01
9.556674361228942871e-01
9.551200866699218750e-01
9.558585882186889648e-01
9.556985497474670410e-01
9.555914998054504395e-01
9.555952548980712891e-01
9.557399153709411621e-01
9.553171396255493164e-01
9.552050232887268066e-01
9.551064968109130859e-01
9.554298520088195801e-01
9.549462199211120605e-01
9.549261331558227539e-01
9.553121328353881836e-01
9.551873803138732910e-01
9.547738432884216309e-01
9.549174308776855469e-01
9.548211097717285156e-01
9.554377198219299316e-01
9.551301598548889160e-01
9.551793932914733887e-01
9.550434350967407227e-01
9.550216794013977051e-01
9.552906751632690430e-01
9.547516107559204102e-01
9.550269246101379395e-01
9.553678631782531738e-01
9.550248980522155762e-01
9.553027153015136719e-01
9.549560546875000000e-01
9.549350142478942871e-01
9.549708366394042969e-01
9.544584155082702637e-01
9.543727636337280273e-01
9.548426866531372070e-01
9.544692039489746094e-01
9.543778300285339355e-01
9.542553424835205078e-01
9.543315172195434570e-01
9.547113180160522461e-01
9.546524286270141602e-01
9.545845985412597656e-01
9.544985294342041016e-01
9.544620513916015625e-01
9.547030925750732422e-01
9.547342061996459961e-01
9.548239111900329590e-01
9.546148777008056641e-01
9.543113708496093750e-01
9.549399614334106445e-01
9.549633264541625977e-01
9.551259875297546387e-01
9.555296301841735840e-01
9.548296332359313965e-01
9.549404978752136230e-01
9.549653530120849609e-01
9.555452466011047363e-01
9.555446505546569824e-01
9.554679989814758301e-01
9.554509520530700684e-01
9.556787014007568359e-01
9.555583000183105469e-01
9.560291767120361328e-01
9.552257061004638672e-01
9.557939171791076660e-01
9.558382630348205566e-01
9.563481807708740234e-01
9.559020996093750000e-01
9.556472301483154297e-01
9.554815888404846191e-01
9.557898044586181641e-01
9.555437564849853516e-01
9.557416439056396484e-01
9.557385444641113281e-01
9.557691812515258789e-01
9.553688168525695801e-01
9.558219313621520996e-01
9.560295343399047852e-01
9.559593200683593750e-01
9.562019109725952148e-01
9.561175704002380371e-01
9.556168317794799805e-01
9.558148384094238281e-01
9.551734924316406250e-01
9.556288123130798340e-01
9.556617736816406250e-01
9.557369947433471680e-01
9.553925395011901855e-01
9.558122754096984863e-01
9.554026722908020020e-01
9.552818536758422852e-01
9.554257988929748535e-01
9.557263255119323730e-01
9.556344747543334961e-01
9.559141397476196289e-01
9.560066461563110352e-01
9.557529687881469727e-01
9.556184411048889160e-01
9.556214809417724609e-01
9.557342529296875000e-01
9.554149508476257324e-01
9.557302594184875488e-01
9.555825591087341309e-01
9.560431838035583496e-01
9.560092091560363770e-01
9.562478661537170410e-01
9.562816619873046875e-01
9.556896686553955078e-01
9.559999108314514160e-01
9.557586908340454102e-01
9.561638832092285156e-01
9.560611248016357422e-01
9.558436870574951172e-01
9.559770226478576660e-01
9.562334418296813965e-01
9.561059474945068359e-01
9.558761119842529297e-01
9.560980796813964844e-01
9.558922052383422852e-01
9.566381573677062988e-01
9.562434554100036621e-01
9.561442732810974121e-01
9.561645388603210449e-01
9.558746218681335449e-01
9.560492038726806641e-01
9.564358592033386230e-01
9.556718468666076660e-01
9.561727046966552734e-01
9.558641910552978516e-01
9.557843208312988281e-01
9.560264348983764648e-01
9.563964009284973145e-01
9.560738205909729004e-01
9.561125040054321289e-01
9.561505913734436035e-01
9.564810991287231445e-01
9.562628269195556641e-01
9.561157822608947754e-01
9.562042951583862305e-01
9.561569094657897949e-01
9.555637836456298828e-01
9.566535949707031250e-01
9.563083052635192871e-01
9.562580585479736328e-01
9.561288356781005859e-01
9.563877582550048828e-01
9.560920596122741699e-01
9.562276601791381836e-01
9.559007287025451660e-01
9.561955928802490234e-01
9.561169147491455078e-01
9.567124843597412109e-01
9.560642838478088379e-01
9.563454985618591309e-01
9.559834003448486328e-01
9.567892551422119141e-01
9.564433097839355469e-01
9.560500383377075195e-01
9.566844105720520020e-01
9.566053152084350586e-01
9.566251635551452637e-01
9.559990167617797852e-01
9.562775492668151855e-01
9.563337564468383789e-01
9.562966823577880859e-01
9.566189646720886230e-01
9.563542008399963379e-01
9.564167857170104980e-01
9.563949704170227051e-01
9.560342431068420410e-01
9.565963149070739746e-01
9.565374851226806641e-01
9.561386704444885254e-01
9.560995697975158691e-01
9.557365179061889648e-01
9.561269283294677734e-01
9.557963609695434570e-01
9.561874270439147949e-01
9.563667774200439453e-01
9.562385678291320801e-01
9.561987519264221191e-01
9.559402465820312500e-01
9.560403227806091309e-01
9.556328654289245605e-01
9.560198783874511719e-01
9.559745788574218750e-01
9.561333656311035156e-01
9.560171365737915039e-01
9.555642008781433105e-01
9.559280276298522949e-01
9.560199975967407227e-01
9.561884999275207520e-01
9.560933113098144531e-01
9.562213420867919922e-01
9.555705189704895020e-01
9.560730457305908203e-01
9.560114145278930664e-01
9.559452533721923828e-01
9.560461640357971191e-01
9.556331038475036621e-01
9.561007618904113770e-01
9.556882977485656738e-01
9.559978246688842773e-01
9.561229944229125977e-01
9.556085467338562012e-01
9.559470415115356445e-01
9.560865759849548340e-01
9.557884335517883301e-01
9.560574293136596680e-01
9.559620618820190430e-01
9.560056924819946289e-01
9.556249976158142090e-01
9.559761285781860352e-01
9.559882283210754395e-01
9.555877447128295898e-01
9.562677145004272461e-01
9.555525779724121094e-01
9.557251930236816406e-01
9.564135074615478516e-01
9.553664922714233398e-01
9.561260938644409180e-01
9.560421705245971680e-01
9.562740921974182129e-01
9.559266567230224609e-01
9.561797976493835449e-01
9.558718204498291016e-01
9.559840559959411621e-01
9.557658433914184570e-01
9.557903409004211426e-01
9.561412334442138672e-01
9.559836387634277344e-01
9.556814432144165039e-01
9.557505249977111816e-01
9.560495018959045410e-01
9.561803936958312988e-01
9.562188982963562012e-01
9.561812877655029297e-01
9.561777710914611816e-01
9.561914205551147461e-01
9.562743902206420898e-01
9.564111828804016113e-01
9.567310810089111328e-01
9.568526744842529297e-01
9.566451907157897949e-01
9.561474323272705078e-01
9.562941193580627441e-01
9.562783837318420410e-01
9.564110040664672852e-01
9.561907052993774414e-01
9.567009210586547852e-01
9.562956094741821289e-01
9.570198059082031250e-01
9.563626050949096680e-01
9.560917019844055176e-01
9.562909603118896484e-01
9.566392302513122559e-01
9.559867382049560547e-01
9.562739729881286621e-01
9.562178254127502441e-01
9.557863473892211914e-01
9.566028118133544922e-01
9.565545916557312012e-01
9.565486907958984375e-01
9.557907581329345703e-01
9.559690356254577637e-01
9.564118981361389160e-01
9.567290544509887695e-01
9.564347267150878906e-01
9.562986493110656738e-01
9.564002156257629395e-01
9.562323093414306641e-01
9.565553069114685059e-01
9.564884901046752930e-01
9.563980102539062500e-01
9.564303755760192871e-01
9.565713405609130859e-01
9.561500549316406250e-01
9.565746188163757324e-01
9.571010470390319824e-01
9.565020799636840820e-01
9.562767744064331055e-01
9.570137262344360352e-01
9.566860198974609375e-01
9.565389752388000488e-01
9.565347433090209961e-01
9.564045667648315430e-01
9.565849304199218750e-01
9.565504193305969238e-01
9.565484523773193359e-01
9.568846225738525391e-01
9.566237926483154297e-01
9.568157792091369629e-01
9.567263722419738770e-01
9.567928910255432129e-01
9.567852020263671875e-01
9.566598534584045410e-01
9.568285942077636719e-01
9.569502472877502441e-01
9.569993615150451660e-01
9.565233588218688965e-01
9.569767713546752930e-01
9.566148519515991211e-01
9.568164348602294922e-01
9.569740295410156250e-01
9.564808011054992676e-01
9.566612839698791504e-01
9.570492506027221680e-01
9.563927650451660156e-01
9.564564228057861328e-01
9.566181898117065430e-01
9.565922617912292480e-01
9.568516612052917480e-01
9.568501114845275879e-01
9.569132328033447266e-01
9.567892551422119141e-01
9.568139910697937012e-01
9.567996263504028320e-01
9.564521908760070801e-01
9.568727016448974609e-01
9.565711021423339844e-01
9.567244648933410645e-01
9.564560055732727051e-01
9.568944573402404785e-01
9.565460681915283203e-01
9.569545984268188477e-01
9.563258290290832520e-01
9.562802314758300781e-01
9.567535519599914551e-01
9.564529657363891602e-01
9.562699794769287109e-01
9.566174149513244629e-01
9.561666846275329590e-01
9.568795561790466309e-01
9.564489722251892090e-01
9.562876820564270020e-01
9.565865397453308105e-01
9.561259746551513672e-01
9.563152790069580078e-01
9.565010666847229004e-01
9.565811157226562500e-01
9.562449455261230469e-01
9.566660523414611816e-01
9.566171765327453613e-01
9.561783075332641602e-01
9.568081498146057129e-01
9.564968943595886230e-01
9.563268423080444336e-01
9.564225077629089355e-01
9.564726352691650391e-01
9.563194513320922852e-01
9.564892053604125977e-01
9.568113684654235840e-01
9.561825394630432129e-01
9.564282298088073730e-01
9.564269781112670898e-01
9.567674398422241211e-01
9.560309648513793945e-01
9.563705325126647949e-01
9.568191766738891602e-01
9.568083882331848145e-01
9.565067291259765625e-01
9.566835165023803711e-01
9.568942785263061523e-01
9.567045569419860840e-01
9.565418958663940430e-01
9.569923281669616699e-01
9.566512107849121094e-01
9.569731354713439941e-01
9.560450911521911621e-01
9.567800760269165039e-01
9.568436145782470703e-01
9.569749236106872559e-01
9.564197659492492676e-01
9.570089578628540039e-01
9.563592672348022461e-01
9.570548534393310547e-01
9.566571712493896484e-01
9.567369818687438965e-01
9.566595554351806641e-01
9.564892053604125977e-01
9.567590355873107910e-01
9.567137956619262695e-01
9.559552073478698730e-01
9.568731784820556641e-01
9.568588733673095703e-01
9.570332169532775879e-01
9.567718505859375000e-01
9.569928050041198730e-01
9.569859504699707031e-01
9.566186666488647461e-01
9.566631317138671875e-01
9.567129611968994141e-01
9.566954970359802246e-01
9.571428894996643066e-01
9.564607143402099609e-01
9.568181633949279785e-01
9.574139118194580078e-01
9.573752880096435547e-01
9.570921063423156738e-01
9.568713307380676270e-01
9.567848443984985352e-01
9.564715623855590820e-01
9.565507769584655762e-01
9.568569660186767578e-01
9.568176269531250000e-01
9.568164348602294922e-01
9.570277333259582520e-01
9.566034078598022461e-01
9.567957520484924316e-01
9.566483497619628906e-01
9.570792913436889648e-01
9.570552110671997070e-01
9.565781354904174805e-01
9.569847583770751953e-01
9.567961692810058594e-01
9.567895531654357910e-01
9.566612839698791504e-01
9.563853740692138672e-01
9.565037488937377930e-01
9.563539028167724609e-01
9.567039608955383301e-01
9.566223621368408203e-01
9.567241072654724121e-01
9.565653204917907715e-01
9.566705822944641113e-01
9.565461874008178711e-01
9.569495320320129395e-01
9.568222165107727051e-01
9.570234417915344238e-01
9.570533633232116699e-01
9.567372202873229980e-01
9.572163224220275879e-01
9.568396210670471191e-01
9.571905732154846191e-01
9.572076201438903809e-01
9.572950005531311035e-01
9.568654894828796387e-01
9.575877189636230469e-01
9.572497010231018066e-01
9.571279883384704590e-01
9.571113586425781250e-01
9.568265676498413086e-01
9.570123553276062012e-01
9.572296738624572754e-01
9.572092294692993164e-01
9.573577642440795898e-01
9.571182131767272949e-01
9.570788741111755371e-01
9.572119116783142090e-01
9.570462703704833984e-01
9.571367502212524414e-01
9.574288129806518555e-01
9.573299884796142578e-01
9.575492143630981445e-01
9.571231603622436523e-01
9.573451280593872070e-01
9.573315382003784180e-01
9.572367668151855469e-01
9.577157497406005859e-01
9.574942588806152344e-01
9.578050374984741211e-01
9.573423266410827637e-01
9.572875499725341797e-01
9.575790166854858398e-01
9.573866128921508789e-01
9.572606682777404785e-01
9.569013714790344238e-01
9.569764733314514160e-01
9.574203491210937500e-01
9.573430418968200684e-01
9.575130939483642578e-01
9.574050903320312500e-01
9.571400284767150879e-01
9.570990800857543945e-01
9.574273824691772461e-01
9.571176171302795410e-01
9.574569463729858398e-01
9.575972557067871094e-01
9.573767185211181641e-01
9.572904706001281738e-01
9.572607278823852539e-01
9.571321010589599609e-01
9.576415419578552246e-01
9.573107957839965820e-01
9.575697183609008789e-01
9.572249650955200195e-01
9.577094912528991699e-01
9.571427702903747559e-01
9.573078751564025879e-01
9.573934674263000488e-01
9.573901295661926270e-01
9.572086930274963379e-01
9.569897651672363281e-01
9.578099250793457031e-01
9.573758840560913086e-01
9.573509693145751953e-01
9.578119516372680664e-01
9.576687812805175781e-01
9.571382999420166016e-01
9.571968317031860352e-01
9.574571847915649414e-01
9.576020836830139160e-01
9.570451974868774414e-01
9.574118852615356445e-01
9.573727250099182129e-01
9.572415947914123535e-01
9.572439789772033691e-01
9.574874043464660645e-01
9.574707150459289551e-01
9.572426080703735352e-01
9.571852087974548340e-01
9.577001333236694336e-01
9.575663805007934570e-01
9.572936892509460449e-01
9.577874541282653809e-01
9.575541615486145020e-01
9.577106237411499023e-01
9.574316143989562988e-01
9.573357105255126953e-01
9.574587941169738770e-01
9.575121998786926270e-01
9.576916694641113281e-01
9.577961564064025879e-01
9.577764272689819336e-01
9.572500586509704590e-01
9.575147032737731934e-01
9.571861028671264648e-01
9.577792882919311523e-01
9.568520188331604004e-01
9.569103121757507324e-01
9.574284553527832031e-01
9.574676752090454102e-01
9.573867917060852051e-01
9.575836062431335449e-01
9.576289653778076172e-01
9.577901363372802734e-01
9.576023817062377930e-01
9.579340219497680664e-01
9.575451016426086426e-01
9.575585722923278809e-01
9.574071764945983887e-01
9.581802487373352051e-01
9.573576450347900391e-01
9.576621055603027344e-01
9.570754766464233398e-01
9.576002359390258789e-01
9.579510688781738281e-01
9.572514295578002930e-01
9.575939774513244629e-01
9.572660923004150391e-01
9.573814272880554199e-01
9.574481844902038574e-01
9.579205513000488281e-01
9.571449160575866699e-01
9.577240943908691406e-01
9.573388099670410156e-01
9.578688740730285645e-01
9.577456712722778320e-01
9.577304720878601074e-01
9.578626751899719238e-01
9.577691555023193359e-01
9.577076435089111328e-01
9.580633044242858887e-01
9.578225612640380859e-01
9.578901529312133789e-01
9.575758576393127441e-01
9.578968882560729980e-01
9.575140476226806641e-01
9.579481482505798340e-01
9.577742815017700195e-01
9.578023552894592285e-01
9.577173590660095215e-01
9.578492641448974609e-01
9.575741291046142578e-01
9.576690196990966797e-01
9.579596519470214844e-01
9.579634666442871094e-01
9.579800367355346680e-01
9.581117033958435059e-01
9.577208161354064941e-01
9.579563736915588379e-01
9.579533934593200684e-01
9.578977823257446289e-01
9.575580358505249023e-01
9.577867388725280762e-01
9.572246074676513672e-01
9.578901529312133789e-01
9.579693078994750977e-01
9.577012658119201660e-01
9.578438401222229004e-01
9.580574631690979004e-01
9.581469893455505371e-01
9.584903717041015625e-01
9.580252766609191895e-01
9.577705264091491699e-01
9.580920934677124023e-01
9.578685164451599121e-01
9.582681059837341309e-01
9.578822255134582520e-01
9.577447772026062012e-01
9.579859972000122070e-01
9.579846858978271484e-01
9.578400254249572754e-01
9.577410817146301270e-01
9.583688378334045410e-01
9.582589864730834961e-01
9.577811956405639648e-01
9.579886794090270996e-01
9.579892158508300781e-01
9.578998684883117676e-01
9.578352570533752441e-01
9.583549499511718750e-01
9.581759572029113770e-01
9.578427076339721680e-01
9.579126834869384766e-01
9.579900503158569336e-01
9.582899212837219238e-01
9.574694633483886719e-01
9.578534960746765137e-01
9.583693146705627441e-01
9.580870270729064941e-01
9.582322835922241211e-01
9.578962922096252441e-01
9.577672481536865234e-01
9.578582048416137695e-01
9.578356742858886719e-01
9.581536054611206055e-01
9.580573439598083496e-01
9.580976963043212891e-01
9.581192135810852051e-01
9.579516649246215820e-01
9.578719139099121094e-01
9.580126404762268066e-01
9.579206705093383789e-01
9.579039216041564941e-01
9.574569463729858398e-01
9.577691555023193359e-01
9.575301408767700195e-01
9.580183625221252441e-01
9.580238461494445801e-01
9.582992792129516602e-01
9.580964446067810059e-01
9.582147002220153809e-01
9.578582048416137695e-01
9.579178094863891602e-01
9.577568769454956055e-01
9.578680396080017090e-01
9.581047296524047852e-01
9.578928947448730469e-01
9.579225182533264160e-01
9.579037427902221680e-01
9.581897854804992676e-01
9.579324126243591309e-01
9.577130079269409180e-01
9.582652449607849121e-01
9.577103257179260254e-01
9.581707119941711426e-01
9.578483104705810547e-01
9.581303596496582031e-01
9.580766558647155762e-01
9.580332040786743164e-01
9.581403136253356934e-01
9.578044414520263672e-01
9.580691456794738770e-01
9.580276012420654297e-01
9.578358530998229980e-01
9.576759338378906250e-01
9.581302404403686523e-01
9.579945206642150879e-01
9.580137729644775391e-01
9.576126337051391602e-01
9.581062197685241699e-01
9.582123756408691406e-01
9.581506848335266113e-01
9.581844806671142578e-01
9.578607082366943359e-01
9.577465653419494629e-01
9.577946662902832031e-01
9.579412937164306641e-01
9.580827951431274414e-01
9.578520059585571289e-01
9.579385519027709961e-01
9.579472541809082031e-01
9.579762220382690430e-01
9.580133557319641113e-01
9.579451680183410645e-01
9.582026600837707520e-01
9.582676887512207031e-01
9.578742980957031250e-01
9.586998820304870605e-01
9.581362009048461914e-01
9.580243825912475586e-01
9.577026367187500000e-01
9.581122398376464844e-01
9.580404758453369141e-01
9.582446813583374023e-01
9.580470919609069824e-01
9.578595161437988281e-01
9.580619335174560547e-01
9.578419327735900879e-01
9.581636786460876465e-01
9.581794738769531250e-01
9.580827355384826660e-01
9.584286212921142578e-01
9.582203626632690430e-01
9.585177898406982422e-01
9.581745862960815430e-01
9.583348035812377930e-01
9.583634734153747559e-01
9.583321213722229004e-01
9.581754803657531738e-01
9.580947160720825195e-01
9.580499529838562012e-01
9.582859873771667480e-01
9.581087231636047363e-01
9.581435322761535645e-01
9.580579400062561035e-01
9.581010341644287109e-01
9.582530260086059570e-01
9.577952623367309570e-01
9.579575061798095703e-01
9.580723643302917480e-01
9.585375785827636719e-01
9.580135941505432129e-01
9.586567878723144531e-01
9.579674005508422852e-01
9.580053687095642090e-01
9.582210779190063477e-01
9.583613872528076172e-01
9.586172699928283691e-01
9.580135941505432129e-01
9.580671787261962891e-01
9.583745002746582031e-01
9.581416845321655273e-01
9.581781029701232910e-01
9.580376148223876953e-01
9.584841132164001465e-01
9.581987261772155762e-01
9.580659270286560059e-01
9.580653905868530273e-01
9.582424759864807129e-01
9.579611420631408691e-01
9.580641388893127441e-01
9.582516551017761230e-01
9.576280117034912109e-01
9.588000774383544922e-01
9.582372903823852539e-01
9.582445621490478516e-01
9.583030939102172852e-01
9.582276344299316406e-01
9.580672979354858398e-01
9.579705595970153809e-01
9.584199786186218262e-01
9.582077264785766602e-01
9.581663608551025391e-01
9.584982991218566895e-01
9.583525657653808594e-01
9.579701423645019531e-01
9.582501053810119629e-01
9.584227204322814941e-01
9.585309624671936035e-01
9.588392376899719238e-01
9.585245251655578613e-01
9.582136273384094238e-01
9.582968354225158691e-01
9.582672119140625000e-01
9.583821296691894531e-01
9.584743976593017578e-01
9.589540362358093262e-01
9.583912491798400879e-01
9.585486054420471191e-01
9.584048390388488770e-01
9.584478735923767090e-01
9.587014913558959961e-01
9.586833715438842773e-01
9.589460492134094238e-01
9.588003754615783691e-01
9.588809013366699219e-01
9.584528207778930664e-01
9.587993025779724121e-01
9.587681293487548828e-01
9.588245153427124023e-01
9.587461948394775391e-01
9.583061337471008301e-01
9.584356546401977539e-01
9.585960507392883301e-01
9.587490558624267578e-01
9.586160182952880859e-01
9.586736559867858887e-01
9.590329527854919434e-01
9.585096836090087891e-01
9.589070081710815430e-01
9.584148526191711426e-01
9.587622284889221191e-01
9.588214159011840820e-01
9.590653777122497559e-01
9.582819938659667969e-01
9.586943984031677246e-01
9.589874148368835449e-01
9.590667486190795898e-01
9.588191509246826172e-01
9.589825272560119629e-01
9.589108228683471680e-01
9.587742686271667480e-01
9.589285254478454590e-01
9.586644172668457031e-01
9.588794112205505371e-01
9.590513706207275391e-01
9.589969515800476074e-01
9.588187932968139648e-01
9.590121507644653320e-01
9.587267041206359863e-01
9.585380554199218750e-01
9.588661193847656250e-01
9.589511752128601074e-01
9.591885209083557129e-01
9.591255187988281250e-01
9.589300751686096191e-01
9.592474102973937988e-01
9.590829610824584961e-01
9.588701725006103516e-01
9.587789773941040039e-01
9.588034152984619141e-01
9.586949348449707031e-01
9.588295221328735352e-01
9.590145945549011230e-01
9.586375355720520020e-01
9.588568806648254395e-01
9.589152336120605469e-01
9.589758515357971191e-01
9.591688513755798340e-01
9.588325619697570801e-01
9.596197605133056641e-01
9.592428803443908691e-01
9.588354229927062988e-01
9.592533707618713379e-01
9.590427279472351074e-01
9.587884545326232910e-01
9.590278863906860352e-01
9.586812853813171387e-01
9.587310552597045898e-01
9.589132070541381836e-01
9.586183428764343262e-01
9.590721130371093750e-01
9.589535593986511230e-01
9.587738513946533203e-01
9.590049982070922852e-01
9.590810537338256836e-01
9.591197967529296875e-01
9.589579701423645020e-01
9.584982395172119141e-01
9.585775732994079590e-01
9.592924714088439941e-01
9.590021371841430664e-01
9.587514996528625488e-01
9.592122435569763184e-01
9.593505859375000000e-01
9.593176245689392090e-01
9.592053294181823730e-01
9.591907262802124023e-01
9.588006734848022461e-01
9.587604999542236328e-01
9.592071771621704102e-01
9.590517282485961914e-01
9.587470293045043945e-01
9.593327045440673828e-01
9.594252109527587891e-01
9.590514898300170898e-01
9.589340090751647949e-01
9.592192769050598145e-01
9.592306017875671387e-01
9.591869115829467773e-01
9.590873718261718750e-01
9.597129821777343750e-01
9.591351151466369629e-01
9.594125151634216309e-01
9.597656130790710449e-01
9.593314528465270996e-01
9.591143131256103516e-01
9.591838121414184570e-01
9.593171477317810059e-01
9.593997001647949219e-01
9.590458869934082031e-01
9.591166973114013672e-01
9.594029188156127930e-01
9.593414068222045898e-01
9.589151144027709961e-01
9.589579701423645020e-01
9.591796994209289551e-01
9.593441486358642578e-01
9.592241644859313965e-01
9.592522978782653809e-01
9.590842723846435547e-01
9.594492912292480469e-01
9.589723944664001465e-01
9.589880108833312988e-01
9.591548442840576172e-01
9.590048789978027344e-01
9.594089984893798828e-01
9.587748646736145020e-01
9.596117138862609863e-01
9.595271944999694824e-01
9.594104290008544922e-01
9.593626260757446289e-01
9.594308733940124512e-01
9.595536589622497559e-01
9.593315124511718750e-01
9.586904048919677734e-01
9.592112898826599121e-01
9.592078328132629395e-01
9.594036936759948730e-01
9.590952992439270020e-01
9.594808816909790039e-01
9.591516256332397461e-01
9.592219591140747070e-01
9.591582417488098145e-01
9.593234062194824219e-01
9.593500494956970215e-01
9.593672156333923340e-01
9.596456289291381836e-01
9.592394828796386719e-01
9.592440724372863770e-01
9.590856432914733887e-01
9.591693282127380371e-01
9.593470692634582520e-01
9.591887593269348145e-01
9.593625068664550781e-01
9.588860869407653809e-01
9.596105813980102539e-01
9.592686295509338379e-01
9.596831798553466797e-01
9.592610001564025879e-01
9.593916535377502441e-01
9.596481323242187500e-01
9.591133594512939453e-01
9.588770270347595215e-01
9.595360755920410156e-01
9.591154456138610840e-01
9.591609835624694824e-01
9.592983722686767578e-01
9.594026803970336914e-01
9.589401483535766602e-01
9.592536091804504395e-01
9.590278863906860352e-01
9.593693614006042480e-01
9.592961072921752930e-01
9.589622616767883301e-01
9.593416452407836914e-01
9.589465856552124023e-01
9.590634107589721680e-01
9.592228531837463379e-01
9.592235088348388672e-01
9.592884778976440430e-01
9.593982696533203125e-01
9.592364430427551270e-01
9.594810605049133301e-01
9.590641856193542480e-01
9.595791697502136230e-01
9.592068195343017578e-01
9.595012664794921875e-01
9.593479633331298828e-01
9.593465924263000488e-01
9.597851634025573730e-01
9.595994353294372559e-01
9.591578841209411621e-01
9.597383141517639160e-01
9.595789909362792969e-01
9.592486619949340820e-01
9.592219591140747070e-01
9.595994353294372559e-01
9.594283103942871094e-01
9.594628810882568359e-01
9.592288732528686523e-01
9.593005180358886719e-01
9.590701460838317871e-01
9.592623710632324219e-01
9.595217704772949219e-01
9.598756432533264160e-01
9.594132900238037109e-01
9.593985676765441895e-01
9.594287276268005371e-01
9.590968489646911621e-01
9.595153927803039551e-01
9.596394300460815430e-01
9.592592120170593262e-01
9.592390656471252441e-01
9.592926502227783203e-01
9.592245221138000488e-01
9.594789743423461914e-01
9.596363902091979980e-01
9.592917561531066895e-01
9.596210718154907227e-01
9.592987298965454102e-01
9.594964385032653809e-01
9.594424366950988770e-01
9.595541357994079590e-01
9.595944285392761230e-01
9.595767259597778320e-01
9.593054056167602539e-01
9.592184424400329590e-01
9.596203565597534180e-01
9.592822194099426270e-01
9.592723250389099121e-01
9.589815735816955566e-01
9.594638943672180176e-01
9.590979218482971191e-01
9.593398571014404297e-01
9.593390822410583496e-01
9.590401649475097656e-01
9.594824910163879395e-01
9.594456553459167480e-01
9.590688943862915039e-01
9.596149921417236328e-01
9.590754508972167969e-01
9.592136144638061523e-01
9.592432975769042969e-01
9.596155285835266113e-01
9.599140882492065430e-01
9.596650600433349609e-01
9.595189094543457031e-01
9.595789909362792969e-01
9.596818685531616211e-01
9.595770239830017090e-01
9.590726494789123535e-01
9.592067599296569824e-01
9.597437977790832520e-01
9.593870043754577637e-01
9.595141410827636719e-01
9.594631195068359375e-01
9.594860672950744629e-01
9.596009850502014160e-01
9.595428705215454102e-01
9.592657685279846191e-01
9.593594074249267578e-01
9.592846632003784180e-01
9.601352214813232422e-01
9.593722820281982422e-01
9.593832492828369141e-01
9.592102766036987305e-01
9.595206379890441895e-01
9.590434432029724121e-01
9.592927694320678711e-01
9.596396684646606445e-01
9.596256017684936523e-01
9.594140052795410156e-01
9.595825672149658203e-01
9.593884348869323730e-01
9.594740271568298340e-01
9.593934416770935059e-01
9.598686695098876953e-01
9.591879248619079590e-01
9.594677686691284180e-01
9.594843983650207520e-01
9.590230584144592285e-01
9.587533473968505859e-01
9.598320722579956055e-01
9.599670171737670898e-01
9.597246050834655762e-01
9.592718482017517090e-01
9.596167206764221191e-01
9.595420956611633301e-01
9.595488905906677246e-01
9.591708183288574219e-01
9.594859480857849121e-01
9.591875672340393066e-01
9.597488641738891602e-01
9.594184160232543945e-01
9.598255157470703125e-01
9.596351385116577148e-01
9.599831104278564453e-01
9.596129059791564941e-01
9.595091342926025391e-01
9.599050283432006836e-01
9.592925906181335449e-01
9.596873521804809570e-01
9.598385691642761230e-01
9.600563049316406250e-01
9.594568610191345215e-01
9.599697589874267578e-01
9.599296450614929199e-01
9.595519900321960449e-01
9.592448472976684570e-01
9.596475362777709961e-01
9.600834846496582031e-01
9.591157436370849609e-01
9.598080515861511230e-01
9.597764611244201660e-01
9.598017930984497070e-01
9.594737291336059570e-01
9.598710536956787109e-01
9.597379565238952637e-01
9.598399400711059570e-01
9.595543742179870605e-01
9.594571590423583984e-01
9.600789546966552734e-01
9.595170617103576660e-01
9.601219296455383301e-01
9.596630930900573730e-01
9.594914317131042480e-01
9.595038890838623047e-01
9.598944187164306641e-01
9.600802659988403320e-01
9.595324993133544922e-01
9.597729444503784180e-01
9.601336717605590820e-01
9.601855278015136719e-01
9.601636528968811035e-01
9.596748948097229004e-01
9.593015909194946289e-01
9.599053859710693359e-01
9.597250223159790039e-01
9.596759080886840820e-01
9.597032070159912109e-01
9.595718383789062500e-01
9.602782726287841797e-01
9.597985744476318359e-01
9.599026441574096680e-01
9.598296880722045898e-01
9.598603844642639160e-01
9.598768353462219238e-01
9.601042270660400391e-01
9.598149061203002930e-01
9.599288702011108398e-01
9.596846103668212891e-01
9.599345922470092773e-01
9.599050879478454590e-01
9.599926471710205078e-01
9.599592089653015137e-01
9.596882462501525879e-01
9.599092006683349609e-01
9.603477716445922852e-01
9.603570699691772461e-01
9.601749181747436523e-01
9.600173830986022949e-01
9.602020978927612305e-01
9.596900939941406250e-01
9.602407217025756836e-01
9.597551822662353516e-01
9.600145816802978516e-01
9.597822427749633789e-01
9.602514505386352539e-01
9.599726796150207520e-01
9.595710039138793945e-01
9.601947665214538574e-01
9.601789712905883789e-01
9.596769213676452637e-01
9.596969485282897949e-01
9.595800042152404785e-01
9.599587917327880859e-01
9.601789116859436035e-01
9.599063992500305176e-01
9.598614573478698730e-01
9.601261615753173828e-01
9.598059058189392090e-01
9.601879715919494629e-01
9.599758386611938477e-01
9.600028395652770996e-01
9.596626758575439453e-01
9.600576758384704590e-01
9.605552554130554199e-01
9.598544836044311523e-01
9.605404734611511230e-01
9.596618413925170898e-01
9.601868987083435059e-01
9.603164196014404297e-01
9.598957896232604980e-01
9.599131941795349121e-01
9.601524472236633301e-01
9.599552750587463379e-01
9.599810838699340820e-01
9.603378176689147949e-01
9.603118896484375000e-01
9.600332379341125488e-01
9.600225090980529785e-01
9.601203799247741699e-01
9.600140452384948730e-01
9.601950049400329590e-01
9.601464271545410156e-01
9.601067900657653809e-01
9.601194858551025391e-01
9.600237011909484863e-01
9.600710868835449219e-01
9.596961736679077148e-01
9.605119824409484863e-01
9.604074358940124512e-01
9.598385691642761230e-01
9.602487087249755859e-01
9.601884484291076660e-01
9.602617621421813965e-01
9.601846337318420410e-01
9.599146246910095215e-01
9.600839018821716309e-01
9.597642421722412109e-01
9.601376056671142578e-01
9.598416090011596680e-01
9.596701264381408691e-01
9.601137638092041016e-01
9.603875875473022461e-01
9.602960944175720215e-01
9.601989984512329102e-01
9.602367877960205078e-01
9.599587321281433105e-01
9.599702954292297363e-01
9.603992700576782227e-01
9.604934453964233398e-01
9.604230523109436035e-01
9.600771069526672363e-01
9.602301120758056641e-01
9.601083397865295410e-01
9.603283405303955078e-01
9.602085947990417480e-01
9.604802131652832031e-01
9.601247310638427734e-01
9.602868556976318359e-01
9.600033760070800781e-01
9.604772925376892090e-01
9.602254629135131836e-01
9.603168368339538574e-01
9.601473212242126465e-01
9.602357745170593262e-01
9.602246284484863281e-01
9.602731466293334961e-01
9.600313305854797363e-01
9.599261283874511719e-01
9.603824019432067871e-01
9.600865244865417480e-01
9.599756002426147461e-01
9.600909352302551270e-01
9.601767063140869141e-01
9.600837230682373047e-01
9.601737856864929199e-01
9.602437615394592285e-01
9.598917961120605469e-01
9.599641561508178711e-01
9.601451754570007324e-01
9.603251814842224121e-01
9.601108431816101074e-01
9.598805308341979980e-01
9.600334167480468750e-01
9.601376056671142578e-01
9.599922895431518555e-01
9.601106047630310059e-01
9.601902961730957031e-01
9.605098962783813477e-01
9.604772329330444336e-01
9.603751301765441895e-01
9.602707624435424805e-01
9.599459767341613770e-01
9.598584771156311035e-01
9.599427580833435059e-01
9.600557088851928711e-01
9.601465463638305664e-01
9.601951837539672852e-01
9.601650834083557129e-01
9.602729082107543945e-01
9.601612091064453125e-01
9.596087932586669922e-01
9.604009985923767090e-01
9.599651098251342773e-01
9.597298502922058105e-01
9.603054523468017578e-01
9.599949121475219727e-01
9.600754380226135254e-01
9.604907035827636719e-01
9.599274992942810059e-01
9.600407481193542480e-01
9.599912762641906738e-01
9.599629044532775879e-01
9.604216217994689941e-01
9.598103165626525879e-01
9.599446058273315430e-01
9.600410461425781250e-01
9.600343108177185059e-01
9.600901007652282715e-01
9.603116512298583984e-01
9.598677754402160645e-01
9.602634310722351074e-01
9.600209593772888184e-01
9.600758552551269531e-01
9.598066806793212891e-01
9.600393772125244141e-01
9.603904485702514648e-01
9.603260159492492676e-01
9.597131609916687012e-01
9.597576856613159180e-01
9.600533843040466309e-01
9.599975347518920898e-01
9.600705504417419434e-01
9.599874019622802734e-01
9.602313041687011719e-01
9.603171348571777344e-01
9.598092436790466309e-01
9.599655270576477051e-01
9.599797129631042480e-01
9.600290060043334961e-01
9.595468044281005859e-01
9.604375958442687988e-01
9.602413773536682129e-01
9.600941538810729980e-01
9.600020051002502441e-01
9.596966505050659180e-01
9.600291252136230469e-01
9.596672058105468750e-01
9.600360989570617676e-01
9.598187208175659180e-01
9.601246118545532227e-01
9.602148532867431641e-01
9.600879549980163574e-01
9.598171710968017578e-01
9.603090882301330566e-01
9.595930576324462891e-01
9.598677158355712891e-01
9.603564739227294922e-01
9.603100419044494629e-01
9.601320624351501465e-01
9.598016142845153809e-01
9.595191478729248047e-01
9.600598216056823730e-01
9.598678350448608398e-01
9.602246880531311035e-01
9.600058197975158691e-01
9.600118994712829590e-01
9.599705338478088379e-01
9.599536061286926270e-01
9.599387645721435547e-01
9.601362347602844238e-01
9.604176878929138184e-01
9.601352214813232422e-01
9.597296118736267090e-01
9.600268602371215820e-01
9.603058695793151855e-01
9.601579308509826660e-01
9.601740241050720215e-01
9.598660469055175781e-01
9.598343372344970703e-01
9.598999023437500000e-01
9.597156047821044922e-01
9.606920480728149414e-01
9.600988626480102539e-01
9.602977037429809570e-01
9.595879912376403809e-01
9.598696827888488770e-01
9.594556689262390137e-01
9.602897763252258301e-01
9.601590037345886230e-01
9.600803852081298828e-01
9.597641229629516602e-01
9.601189494132995605e-01
9.596827626228332520e-01
9.597871303558349609e-01
9.601048231124877930e-01
9.597966074943542480e-01
9.600956439971923828e-01
9.594163298606872559e-01
9.598612189292907715e-01
9.604412913322448730e-01
9.597892761230468750e-01
9.602781534194946289e-01
9.600536227226257324e-01
9.602025747299194336e-01
9.598780274391174316e-01
9.602859616279602051e-01
9.599475264549255371e-01
9.603819251060485840e-01
9.601724147796630859e-01
9.597923755645751953e-01
9.600484967231750488e-01
9.601336717605590820e-01
9.599829316139221191e-01
9.602712988853454590e-01
9.600473642349243164e-01
9.598538279533386230e-01
9.599044919013977051e-01
9.600633382797241211e-01
9.602356553077697754e-01
9.601884484291076660e-01
9.600375890731811523e-01
9.600993394851684570e-01
9.600814580917358398e-01
9.603283405303955078e-01
9.599212408065795898e-01
9.601383805274963379e-01
9.601196050643920898e-01
9.599322676658630371e-01
9.602085947990417480e-01
9.603739380836486816e-01
9.604528546333312988e-01
9.601150751113891602e-01
9.605219364166259766e-01
9.602676630020141602e-01
9.600455760955810547e-01
9.603459835052490234e-01
9.601931571960449219e-01
9.602344036102294922e-01
9.604301452636718750e-01
9.600145220756530762e-01
9.602987766265869141e-01
9.602215290069580078e-01
9.602213501930236816e-01
9.598567485809326172e-01
9.602662920951843262e-01
9.603285193443298340e-01
9.604276418685913086e-01
9.602214097976684570e-01
9.603775143623352051e-01
9.601448178291320801e-01
9.603304266929626465e-01
9.598162174224853516e-01
9.601860046386718750e-01
9.604992866516113281e-01
9.602217674255371094e-01
9.599058628082275391e-01
9.604246616363525391e-01
9.600502252578735352e-01
9.602485895156860352e-01
9.599145650863647461e-01
9.602012634277343750e-01
9.599797725677490234e-01
9.605475068092346191e-01
9.603732824325561523e-01
9.604055881500244141e-01
9.603404998779296875e-01
9.604371786117553711e-01
9.601070284843444824e-01
9.601823687553405762e-01
9.605298042297363281e-01
9.602761268615722656e-01
9.602656364440917969e-01
9.605926275253295898e-01
9.602014422416687012e-01
9.601261615753173828e-01
9.596537947654724121e-01
9.600807428359985352e-01
9.603298306465148926e-01
9.602050781250000000e-01
9.602898955345153809e-01
9.603222608566284180e-01
9.603001475334167480e-01
9.601838588714599609e-01
9.605627655982971191e-01
9.603742957115173340e-01
9.600721597671508789e-01
9.607309103012084961e-01
9.598999023437500000e-01
9.603282213211059570e-01
9.602878093719482422e-01
9.604125022888183594e-01
9.603298306465148926e-01
9.602805376052856445e-01
9.608178734779357910e-01
9.603807926177978516e-01
9.605194926261901855e-01
9.604923725128173828e-01
9.604408144950866699e-01
9.605785608291625977e-01
9.604930281639099121e-01
9.605179429054260254e-01
9.604952931404113770e-01
9.607070684432983398e-01
9.605331420898437500e-01
9.602593183517456055e-01
9.605053663253784180e-01
9.603282213211059570e-01
9.602160453796386719e-01
9.604499340057373047e-01
9.605340361595153809e-01
9.603727459907531738e-01
9.605666995048522949e-01
9.605613946914672852e-01
9.604568481445312500e-01
9.603975415229797363e-01
9.603750705718994141e-01
9.608566164970397949e-01
9.604282379150390625e-01
9.604170322418212891e-01
9.602159261703491211e-01
9.604048132896423340e-01
9.605322480201721191e-01
9.603294134140014648e-01
9.607650637626647949e-01
9.607600569725036621e-01
9.603419303894042969e-01
9.602084159851074219e-01
9.605617523193359375e-01
9.603439569473266602e-01
9.608163237571716309e-01
9.606321454048156738e-01
9.606736898422241211e-01
9.605650901794433594e-01
9.606363177299499512e-01
9.603202939033508301e-01
9.603244662284851074e-01
9.602576494216918945e-01
9.605475068092346191e-01
9.608168005943298340e-01
9.602745771408081055e-01
9.601982235908508301e-01
9.601667523384094238e-01
9.605358839035034180e-01
9.605678319931030273e-01
9.603787064552307129e-01
9.608932733535766602e-01
9.606099724769592285e-01
9.603718519210815430e-01
9.606829881668090820e-01
9.607028365135192871e-01
9.605151414871215820e-01
9.602993726730346680e-01
9.603421688079833984e-01
9.604791402816772461e-01
9.600296020507812500e-01
9.603994488716125488e-01
9.605482220649719238e-01
9.605236649513244629e-01
9.607380628585815430e-01
9.604519605636596680e-01
9.606669545173645020e-01
9.604377746582031250e-01
9.607512950897216797e-01
9.603297710418701172e-01
9.604841470718383789e-01
9.601559638977050781e-01
9.602378010749816895e-01
9.599536061286926270e-01
9.602549672126770020e-01
9.606887698173522949e-01
9.603285789489746094e-01
9.606944322586059570e-01
9.603428840637207031e-01
9.604257345199584961e-01
9.605010747909545898e-01
9.605769515037536621e-01
9.607740640640258789e-01
9.603679776191711426e-01
9.602602124214172363e-01
9.603366255760192871e-01
9.602010250091552734e-01
9.600849747657775879e-01
9.604330658912658691e-01
9.607869982719421387e-01
9.605849385261535645e-01
9.604552984237670898e-01
9.606198072433471680e-01
9.605551362037658691e-01
9.605793952941894531e-01
9.603831768035888672e-01
9.599257707595825195e-01
9.607594013214111328e-01
9.605001211166381836e-01
9.600437879562377930e-01
9.602199792861938477e-01
9.602137804031372070e-01
9.604799151420593262e-01
9.600276350975036621e-01
9.604703783988952637e-01
9.604120850563049316e-01
9.604321122169494629e-01
9.603338837623596191e-01
9.603555202484130859e-01
9.599497914314270020e-01
9.601750373840332031e-01
9.605453610420227051e-01
9.604884386062622070e-01
9.600885510444641113e-01
9.603435397148132324e-01
9.598202705383300781e-01
9.601150751113891602e-01
9.601596593856811523e-01
9.603843688964843750e-01
9.601385593414306641e-01
9.603469967842102051e-01
9.602456688880920410e-01
9.598203897476196289e-01
9.602220058441162109e-01
9.599799513816833496e-01
9.602780342102050781e-01
9.602510333061218262e-01
9.602385759353637695e-01
9.602485895156860352e-01
9.602409601211547852e-01
9.604631066322326660e-01
9.600971341133117676e-01
9.601143002510070801e-01
9.605764746665954590e-01
9.606973528861999512e-01
9.602397084236145020e-01
9.603124856948852539e-01
9.600346088409423828e-01
9.600700139999389648e-01
9.601579308509826660e-01
9.598008990287780762e-01
9.605361819267272949e-01
9.602364897727966309e-01
9.600971937179565430e-01
9.602394700050354004e-01
9.601365923881530762e-01
9.599658846855163574e-01
9.603551626205444336e-01
9.601868391036987305e-01
9.598568677902221680e-01
9.604756236076354980e-01
9.599454998970031738e-01
9.601899981498718262e-01
9.598494172096252441e-01
9.603617191314697266e-01
9.601263403892517090e-01
9.599548578262329102e-01
9.600428938865661621e-01
9.602163434028625488e-01
9.597791433334350586e-01
9.603331685066223145e-01
9.602122306823730469e-01
9.599220156669616699e-01
9.601995944976806641e-01
9.603222012519836426e-01
9.600977897644042969e-01
9.599753618240356445e-01
9.606625437736511230e-01
9.600001573562622070e-01
9.599693417549133301e-01
9.603517055511474609e-01
9.600651264190673828e-01
9.599742293357849121e-01
9.599559307098388672e-01
9.601829648017883301e-01
9.604201316833496094e-01
9.602999687194824219e-01
9.603725671768188477e-01
9.599421024322509766e-01
9.602698683738708496e-01
9.603486657142639160e-01
9.603047370910644531e-01
9.605300426483154297e-01
9.596850872039794922e-01
9.599083065986633301e-01
9.604894518852233887e-01
9.599977135658264160e-01
9.603759050369262695e-01
9.603989124298095703e-01
9.600648283958435059e-01
9.597448110580444336e-01
9.601372480392456055e-01
9.601420760154724121e-01
9.598938226699829102e-01
9.595875740051269531e-01
9.603748321533203125e-01
9.603621959686279297e-01
9.599100351333618164e-01
9.599198698997497559e-01
9.602438211441040039e-01
9.601691365242004395e-01
9.597933292388916016e-01
9.601935744285583496e-01
9.601711034774780273e-01
9.600147008895874023e-01
9.597784280776977539e-01
9.600103497505187988e-01
9.601263403892517090e-01
9.602940082550048828e-01
9.601809978485107422e-01
9.603427052497863770e-01
9.600533843040466309e-01
9.597717523574829102e-01
9.600679278373718262e-01
9.598780870437622070e-01
9.597249627113342285e-01
9.598952531814575195e-01
9.601901173591613770e-01
9.598994255065917969e-01
9.605285525321960449e-01
9.604446291923522949e-01
9.599019885063171387e-01
9.601238369941711426e-01
9.602078199386596680e-01
9.600845575332641602e-01
9.597827196121215820e-01
9.597148895263671875e-01
9.601683020591735840e-01
9.598449468612670898e-01
9.604570269584655762e-01
9.602754116058349609e-01
9.601380825042724609e-01
9.601074457168579102e-01
9.607426524162292480e-01
9.601227641105651855e-01
9.602658748626708984e-01
9.602960348129272461e-01
9.604521393775939941e-01
9.604754447937011719e-01
9.600173830986022949e-01
9.601078033447265625e-01
9.604334235191345215e-01
9.602916240692138672e-01
9.598615765571594238e-01
9.602205157279968262e-01
9.598438739776611328e-01
9.600364565849304199e-01
9.601485729217529297e-01
9.602035284042358398e-01
9.602116346359252930e-01
9.602111577987670898e-01
9.601476788520812988e-01
9.604345560073852539e-01
9.603062272071838379e-01
9.602729082107543945e-01
9.603704810142517090e-01
9.601667523384094238e-01
9.601591229438781738e-01
9.601873755455017090e-01
9.600483179092407227e-01
9.601592421531677246e-01
9.604731798171997070e-01
9.606875777244567871e-01
9.603543281555175781e-01
9.599047303199768066e-01
9.604522585868835449e-01
9.602817296981811523e-01
9.602149724960327148e-01
9.601978063583374023e-01
9.600926041603088379e-01
9.604882597923278809e-01
9.601343274116516113e-01
9.602850079536437988e-01
9.599214792251586914e-01
9.602901935577392578e-01
9.602007865905761719e-01
9.604870080947875977e-01
9.600883722305297852e-01
9.602652788162231445e-01
9.602031707763671875e-01
9.601054191589355469e-01
9.602080583572387695e-01
9.601767659187316895e-01
9.601757526397705078e-01
9.603949785232543945e-01
9.602299332618713379e-01
9.603969454765319824e-01
9.602803587913513184e-01
9.602751731872558594e-01
9.608308672904968262e-01
9.605638384819030762e-01
9.606236219406127930e-01
9.599943757057189941e-01
9.603903293609619141e-01
9.602400064468383789e-01
9.605376720428466797e-01
9.603570699691772461e-01
9.600257873535156250e-01
9.603652358055114746e-01
9.605877399444580078e-01
9.602633118629455566e-01
9.603990316390991211e-01
9.602481126785278320e-01
9.605317115783691406e-01
9.602509140968322754e-01
9.603884816169738770e-01
9.603437781333923340e-01
9.605372548103332520e-01
9.602874517440795898e-01
9.605816006660461426e-01
9.604336023330688477e-01
9.603216648101806641e-01
9.604489207267761230e-01
9.603508114814758301e-01
9.606966376304626465e-01
9.607029557228088379e-01
9.607641100883483887e-01
9.604134559631347656e-01
9.606607556343078613e-01
9.605006575584411621e-01
9.606805443763732910e-01
9.602603316307067871e-01
9.607418179512023926e-01
9.607704281806945801e-01
9.604237079620361328e-01
9.607391357421875000e-01
9.605402946472167969e-01
9.606988430023193359e-01
9.606366157531738281e-01
9.601633548736572266e-01
9.604154825210571289e-01
9.608326554298400879e-01
9.606519937515258789e-01
9.603655934333801270e-01
9.606825113296508789e-01
9.606960415840148926e-01
9.603925943374633789e-01
9.603908658027648926e-01
9.605378508567810059e-01
9.602574706077575684e-01
9.606459140777587891e-01
9.602410793304443359e-01
9.602427482604980469e-01
9.602470397949218750e-01
9.608648419380187988e-01
9.604759216308593750e-01
9.605735540390014648e-01
9.606640338897705078e-01
9.607064723968505859e-01
9.605732560157775879e-01
9.608396887779235840e-01
9.607993960380554199e-01
9.602096676826477051e-01
9.605601429939270020e-01
9.603912234306335449e-01
9.607784152030944824e-01
9.609505534172058105e-01
9.605702161788940430e-01
9.611419439315795898e-01
9.603126645088195801e-01
9.604766368865966797e-01
9.606699347496032715e-01
9.603193402290344238e-01
9.607365131378173828e-01
9.607053399085998535e-01
9.609312415122985840e-01
9.608576297760009766e-01
9.604702591896057129e-01
9.605944156646728516e-01
9.606835246086120605e-01
9.605773687362670898e-01
9.607414007186889648e-01
9.608215093612670898e-01
9.608657360076904297e-01
9.605709910392761230e-01
9.609708189964294434e-01
9.600077271461486816e-01
9.607905745506286621e-01
9.606890678405761719e-01
9.611051082611083984e-01
9.604073166847229004e-01
9.607517123222351074e-01
9.605656266212463379e-01
9.607688188552856445e-01
9.610211253166198730e-01
9.608507752418518066e-01
9.607263207435607910e-01
9.604972600936889648e-01
9.609394669532775879e-01
9.604132175445556641e-01
9.606580138206481934e-01
9.607449173927307129e-01
9.606772065162658691e-01
9.607729911804199219e-01
9.605228900909423828e-01
9.608104825019836426e-01
9.604637026786804199e-01
9.606091976165771484e-01
9.608066678047180176e-01
9.603694081306457520e-01
9.609614014625549316e-01
9.605957269668579102e-01
9.604840874671936035e-01
9.609428644180297852e-01
9.604895114898681641e-01
9.606001973152160645e-01
9.606247544288635254e-01
9.606306552886962891e-01
9.604494571685791016e-01
9.606920480728149414e-01
9.605374336242675781e-01
9.609816670417785645e-01
9.604693055152893066e-01
9.610817432403564453e-01
9.608607292175292969e-01
9.606131911277770996e-01
9.602740406990051270e-01
9.610148668289184570e-01
9.607254266738891602e-01
9.606129527091979980e-01
9.607833623886108398e-01
9.610452055931091309e-01
9.611389040946960449e-01
9.604608416557312012e-01
9.606423974037170410e-01
9.608728289604187012e-01
9.606415033340454102e-01
9.609074592590332031e-01
9.607235789299011230e-01
9.612699151039123535e-01
9.606904387474060059e-01
9.612805247306823730e-01
9.609028100967407227e-01
9.603780508041381836e-01
9.609631299972534180e-01
9.609814286231994629e-01
9.610438346862792969e-01
9.611238241195678711e-01
9.610269665718078613e-01
9.604045152664184570e-01
9.608631730079650879e-01
9.606473445892333984e-01
9.610351324081420898e-01
9.609669446945190430e-01
9.614419341087341309e-01
9.608379602432250977e-01
9.607946872711181641e-01
9.610531330108642578e-01
9.611683487892150879e-01
9.611325263977050781e-01
9.610128998756408691e-01
9.609330892562866211e-01
9.608160257339477539e-01
9.611111283302307129e-01
9.613878130912780762e-01
9.610585570335388184e-01
9.612300395965576172e-01
9.613957405090332031e-01
9.611572027206420898e-01
9.606630206108093262e-01
9.609178304672241211e-01
9.608933925628662109e-01
9.613268971443176270e-01
9.611723423004150391e-01
9.609955549240112305e-01
9.611262679100036621e-01
9.613388180732727051e-01
9.611486792564392090e-01
9.613130092620849609e-01
9.612413644790649414e-01
9.607508778572082520e-01
9.612036347389221191e-01
9.612234234809875488e-01
9.612533450126647949e-01
9.610116481781005859e-01
9.609001278877258301e-01
9.609811902046203613e-01
9.612339735031127930e-01
9.608181715011596680e-01
9.614529609680175781e-01
9.608242511749267578e-01
9.606807231903076172e-01
9.608001708984375000e-01
9.609506130218505859e-01
9.610557556152343750e-01
9.609340429306030273e-01
9.608720541000366211e-01
9.609355330467224121e-01
9.605349898338317871e-01
9.609146118164062500e-01
9.608096480369567871e-01
9.610096812248229980e-01
9.611200094223022461e-01
9.610137343406677246e-01
9.608209133148193359e-01
9.609826803207397461e-01
9.612191915512084961e-01
9.605298042297363281e-01
9.612197875976562500e-01
9.606206417083740234e-01
9.608312845230102539e-01
9.609197974205017090e-01
9.610503911972045898e-01
9.610694646835327148e-01
9.605445861816406250e-01
9.611751437187194824e-01
9.606462717056274414e-01
9.608206748962402344e-01
9.610797166824340820e-01
9.614200592041015625e-01
9.610061645507812500e-01
9.608935713768005371e-01
9.614298939704895020e-01
9.612251520156860352e-01
9.608642458915710449e-01
9.607502818107604980e-01
9.611028432846069336e-01
9.613124728202819824e-01
9.611102342605590820e-01
9.613919258117675781e-01
9.607594013214111328e-01
9.609113931655883789e-01
9.608671069145202637e-01
9.610295891761779785e-01
9.610344767570495605e-01
9.607993960380554199e-01
9.607190489768981934e-01
9.610633850097656250e-01
9.604025483131408691e-01
9.608867168426513672e-01
9.609265327453613281e-01
9.614617824554443359e-01
9.608244895935058594e-01
9.606634378433227539e-01
9.607639908790588379e-01
9.609843492507934570e-01
9.610063433647155762e-01
9.613002538681030273e-01
9.611213803291320801e-01
9.609882831573486328e-01
9.604507684707641602e-01
9.610933065414428711e-01
9.611341357231140137e-01
9.610505700111389160e-01
9.609643816947937012e-01
9.611186385154724121e-01
9.611260294914245605e-01
9.608170986175537109e-01
9.605451226234436035e-01
9.611079692840576172e-01
9.610020518302917480e-01
9.606162905693054199e-01
9.611211419105529785e-01
9.612423777580261230e-01
9.608886241912841797e-01
9.611021280288696289e-01
9.611483812332153320e-01
9.612323045730590820e-01
9.608743190765380859e-01
9.613129496574401855e-01
9.611416459083557129e-01
9.609363675117492676e-01
9.611225724220275879e-01
9.610999226570129395e-01
9.613397717475891113e-01
9.612557888031005859e-01
9.615832567214965820e-01
9.607746601104736328e-01
9.607995748519897461e-01
9.609826803207397461e-01
9.612197875976562500e-01
9.612700939178466797e-01
9.609109759330749512e-01
9.609382748603820801e-01
9.617868065834045410e-01
9.609736800193786621e-01
9.610463976860046387e-01
9.613085985183715820e-01
9.610857963562011719e-01
9.610724449157714844e-01
9.607903957366943359e-01
9.606933593750000000e-01
9.611533284187316895e-01
9.607250690460205078e-01
9.612786769866943359e-01
9.611724615097045898e-01
9.613432288169860840e-01
9.613141417503356934e-01
9.606878757476806641e-01
9.608477950096130371e-01
9.611584544181823730e-01
9.614119529724121094e-01
9.613468647003173828e-01
9.612222313880920410e-01
9.611742496490478516e-01
9.612284898757934570e-01
9.613733887672424316e-01
9.613384008407592773e-01
9.613415598869323730e-01
9.610928297042846680e-01
9.611243605613708496e-01
9.611050486564636230e-01
9.610174298286437988e-01
9.613377451896667480e-01
9.613361358642578125e-01
9.616224169731140137e-01
9.611404538154602051e-01
9.614236950874328613e-01
9.616329669952392578e-01
9.610759019851684570e-01
9.608426094055175781e-01
9.610149860382080078e-01
9.613201022148132324e-01
9.615933895111083984e-01
9.612985253334045410e-01
9.617123603820800781e-01
9.612812995910644531e-01
9.610513448715209961e-01
9.611538648605346680e-01
9.615935683250427246e-01
9.610104560852050781e-01
9.612514972686767578e-01
9.615595936775207520e-01
9.617965817451477051e-01
9.610432386398315430e-01
9.613922834396362305e-01
9.611883759498596191e-01
9.614239335060119629e-01
9.613850116729736328e-01
9.615358114242553711e-01
9.614683389663696289e-01
9.612826704978942871e-01
9.610924720764160156e-01
9.615860581398010254e-01
9.611988663673400879e-01
9.613177776336669922e-01
9.619450569152832031e-01
9.611297845840454102e-01
9.613210558891296387e-01
9.616424441337585449e-01
9.616525173187255859e-01
9.611940979957580566e-01
9.615698456764221191e-01
9.615399837493896484e-01
9.611450433731079102e-01
9.614350199699401855e-01
9.613777399063110352e-01
9.614393711090087891e-01
9.615606665611267090e-01
9.616153240203857422e-01
9.615095257759094238e-01
9.617291092872619629e-01
9.616038799285888672e-01
9.616964459419250488e-01
9.617950320243835449e-01
9.614921808242797852e-01
9.613159298896789551e-01
9.614167809486389160e-01
9.616534709930419922e-01
9.615859985351562500e-01
9.617811441421508789e-01
9.612314105033874512e-01
9.614364504814147949e-01
9.613347649574279785e-01
9.618037939071655273e-01
9.618388414382934570e-01
9.610649943351745605e-01
9.616616964340209961e-01
9.615795612335205078e-01
9.614273309707641602e-01
9.614519476890563965e-01
9.610903263092041016e-01
9.611380100250244141e-01
9.611554145812988281e-01
9.612571001052856445e-01
9.615175127983093262e-01
9.614924788475036621e-01
9.614847302436828613e-01
9.616808295249938965e-01
9.615127444267272949e-01
9.612551331520080566e-01
9.609762430191040039e-01
9.614033699035644531e-01
9.615486264228820801e-01
9.616420269012451172e-01
9.612841010093688965e-01
9.616502523422241211e-01
9.615001082420349121e-01
9.614595174789428711e-01
9.610849022865295410e-01
9.611990451812744141e-01
9.614475965499877930e-01
9.611895680427551270e-01
9.612606763839721680e-01
9.614741802215576172e-01
9.611577391624450684e-01
9.612260460853576660e-01
9.611238241195678711e-01
9.613072276115417480e-01
9.613770246505737305e-01
9.611329436302185059e-01
9.615148901939392090e-01
9.611395001411437988e-01
9.614070653915405273e-01
9.611690044403076172e-01
9.614830613136291504e-01
9.618712067604064941e-01
9.614468216896057129e-01
9.615640044212341309e-01
9.611794948577880859e-01
9.613176584243774414e-01
9.609025716781616211e-01
9.615020751953125000e-01
9.614317417144775391e-01
9.611490368843078613e-01
9.615823626518249512e-01
9.615691900253295898e-01
9.613298773765563965e-01
9.609915018081665039e-01
9.612129330635070801e-01
9.615044593811035156e-01
9.617682099342346191e-01
9.614293575286865234e-01
9.612794518470764160e-01
9.616615772247314453e-01
9.613930583000183105e-01
9.618265032768249512e-01
9.614658951759338379e-01
9.613835215568542480e-01
9.615815877914428711e-01
9.615920782089233398e-01
9.616619944572448730e-01
9.616106152534484863e-01
9.614853858947753906e-01
9.614698886871337891e-01
9.614821076393127441e-01
9.615125060081481934e-01
9.615296721458435059e-01
9.614585638046264648e-01
9.613620042800903320e-01
9.612274169921875000e-01
9.614620804786682129e-01
9.613829255104064941e-01
9.614078402519226074e-01
9.618561267852783203e-01
9.617605805397033691e-01
9.612112641334533691e-01
9.613870382308959961e-01
9.615725874900817871e-01
9.621472358703613281e-01
9.615600705146789551e-01
9.619064331054687500e-01
9.616755843162536621e-01
9.618507623672485352e-01
9.616224169731140137e-01
9.617828130722045898e-01
9.613944292068481445e-01
9.612462520599365234e-01
9.616019725799560547e-01
9.618003964424133301e-01
9.616200327873229980e-01
9.616225361824035645e-01
9.615147113800048828e-01
9.615325331687927246e-01
9.617604017257690430e-01
9.618481993675231934e-01
9.615696668624877930e-01
9.615306258201599121e-01
9.618922472000122070e-01
9.620849490165710449e-01
9.614734053611755371e-01
9.614835977554321289e-01
9.616145491600036621e-01
9.615849256515502930e-01
9.613505601882934570e-01
9.612920880317687988e-01
9.617407321929931641e-01
9.614821672439575195e-01
9.622156620025634766e-01
9.615684747695922852e-01
9.620959758758544922e-01
9.616952538490295410e-01
9.615135192871093750e-01
9.618182182312011719e-01
9.615080356597900391e-01
9.614705443382263184e-01
9.617595076560974121e-01
9.614933133125305176e-01
9.614675641059875488e-01
9.615489244461059570e-01
9.618362188339233398e-01
9.616018533706665039e-01
9.615648388862609863e-01
9.619241356849670410e-01
9.615769982337951660e-01
9.619873166084289551e-01
9.615951776504516602e-01
9.613378047943115234e-01
9.616708159446716309e-01
9.614633321762084961e-01
9.613735079765319824e-01
9.613372683525085449e-01
9.613856673240661621e-01
9.616028070449829102e-01
9.616311788558959961e-01
9.613618254661560059e-01
9.611349701881408691e-01
9.615868330001831055e-01
9.614958167076110840e-01
9.610958099365234375e-01
9.611388444900512695e-01
9.612970948219299316e-01
9.612733721733093262e-01
9.613212347030639648e-01
9.612675309181213379e-01
9.615792036056518555e-01
9.612154960632324219e-01
9.610642790794372559e-01
9.615309238433837891e-01
9.612240791320800781e-01
9.612950086593627930e-01
9.615527391433715820e-01
9.609693884849548340e-01
9.609584808349609375e-01
9.611626267433166504e-01
9.612503051757812500e-01
9.611654877662658691e-01
9.610391259193420410e-01
9.610493183135986328e-01
9.614674448966979980e-01
9.611405730247497559e-01
9.609112739562988281e-01
9.609269499778747559e-01
9.611766338348388672e-01
9.611813426017761230e-01
9.612419605255126953e-01
9.613534808158874512e-01
9.612373113632202148e-01
9.609205722808837891e-01
9.614636898040771484e-01
9.613483548164367676e-01
9.609830379486083984e-01
9.607753157615661621e-01
9.613593816757202148e-01
9.613153338432312012e-01
9.613606333732604980e-01
9.611564874649047852e-01
9.613000750541687012e-01
9.616271853446960449e-01
9.612683057785034180e-01
9.614955186843872070e-01
9.611413478851318359e-01
9.608523845672607422e-01
9.612071514129638672e-01
9.613450765609741211e-01
9.612370133399963379e-01
9.609854221343994141e-01
9.612960815429687500e-01
9.612995982170104980e-01
9.614116549491882324e-01
9.616064429283142090e-01
9.612945318222045898e-01
9.613136053085327148e-01
9.613770842552185059e-01
9.611898660659790039e-01
9.612875580787658691e-01
9.614169597625732422e-01
9.610189795494079590e-01
9.616757035255432129e-01
9.608314633369445801e-01
9.614942669868469238e-01
9.613541960716247559e-01
9.610516428947448730e-01
9.613536000251770020e-01
9.611679911613464355e-01
9.614244103431701660e-01
9.616550207138061523e-01
9.615086913108825684e-01
9.613484740257263184e-01
9.610206484794616699e-01
9.613925814628601074e-01
9.614918231964111328e-01
9.610534906387329102e-01
9.613136053085327148e-01
9.611194133758544922e-01
9.613519310951232910e-01
9.616043567657470703e-01
9.609350562095642090e-01
9.610486030578613281e-01
9.615965485572814941e-01
9.609615802764892578e-01
9.613699913024902344e-01
9.611285924911499023e-01
9.613292217254638672e-01
9.613934159278869629e-01
9.614007472991943359e-01
9.615693688392639160e-01
9.612823724746704102e-01
9.612653851509094238e-01
9.615021347999572754e-01
9.611129760742187500e-01
9.613429903984069824e-01
9.611991643905639648e-01
9.612498283386230469e-01
9.612506031990051270e-01
9.609175324440002441e-01
9.612568616867065430e-01
9.611717462539672852e-01
9.618521332740783691e-01
9.611315131187438965e-01
9.613893032073974609e-01
9.613683223724365234e-01
9.611362218856811523e-01
9.609571099281311035e-01
9.615656137466430664e-01
9.613241553306579590e-01
9.617846608161926270e-01
9.608615040779113770e-01
9.614552259445190430e-01
9.611328840255737305e-01
9.613366127014160156e-01
9.611063599586486816e-01
9.613323807716369629e-01
9.615325927734375000e-01
9.613601565361022949e-01
9.609521627426147461e-01
9.611589312553405762e-01
9.613407850265502930e-01
9.613602161407470703e-01
9.611503481864929199e-01
9.613604545593261719e-01
9.612554907798767090e-01
9.611129164695739746e-01
9.616110324859619141e-01
9.608648419380187988e-01
9.609767794609069824e-01
9.615431427955627441e-01
9.608334302902221680e-01
9.611238241195678711e-01
9.615541100502014160e-01
9.611933827400207520e-01
9.613449573516845703e-01
9.613467454910278320e-01
9.615777730941772461e-01
9.616611003875732422e-01
9.611794948577880859e-01
9.615574479103088379e-01
9.607903361320495605e-01
9.609109759330749512e-01
9.609636068344116211e-01
9.614257216453552246e-01
9.614213705062866211e-01
9.616018533706665039e-01
9.613584280014038086e-01
9.615154862403869629e-01
9.613235592842102051e-01
9.618449211120605469e-01
9.614818096160888672e-01
9.614890813827514648e-01
9.614258408546447754e-01
9.617347121238708496e-01
9.615283012390136719e-01
9.614287018775939941e-01
9.613045454025268555e-01
9.616078734397888184e-01
9.614105224609375000e-01
9.609973430633544922e-01
9.610293507575988770e-01
9.614470005035400391e-01
9.610216617584228516e-01
9.613527655601501465e-01
9.608832597732543945e-01
9.609041810035705566e-01
9.611154794692993164e-01
9.609267711639404297e-01
9.611366391181945801e-01
9.612950086593627930e-01
9.613160490989685059e-01
9.613640308380126953e-01
9.611593484878540039e-01
9.613111615180969238e-01
9.612734317779541016e-01
9.615791440010070801e-01
9.612607359886169434e-01
9.613822698593139648e-01
9.613536596298217773e-01
9.614604115486145020e-01
9.612742662429809570e-01
9.615094065666198730e-01
9.617717862129211426e-01
9.617044329643249512e-01
9.611404538154602051e-01
9.611359238624572754e-01
9.614901542663574219e-01
9.614868164062500000e-01
9.610697031021118164e-01
9.615042805671691895e-01
9.613853693008422852e-01
9.616566300392150879e-01
9.613617062568664551e-01
9.618340134620666504e-01
9.616376757621765137e-01
9.615199565887451172e-01
9.614311456680297852e-01
9.617988467216491699e-01
9.619333148002624512e-01
9.614086747169494629e-01
9.616661667823791504e-01
9.615572094917297363e-01
9.615753293037414551e-01
9.616593718528747559e-01
9.613103270530700684e-01
9.615375995635986328e-01
9.619619846343994141e-01
9.616840481758117676e-01
9.617847204208374023e-01
9.615861773490905762e-01
9.618217945098876953e-01
9.618570208549499512e-01
9.616043567657470703e-01
9.615268111228942871e-01
9.618772864341735840e-01
9.617154598236083984e-01
9.612933993339538574e-01
9.616885185241699219e-01
9.615063667297363281e-01
9.615236520767211914e-01
9.614439606666564941e-01
9.616135954856872559e-01
9.614377021789550781e-01
9.612115621566772461e-01
9.617132544517517090e-01
9.615625143051147461e-01
9.613322615623474121e-01
9.616830348968505859e-01
9.612938165664672852e-01
9.613162875175476074e-01
9.613825082778930664e-01
9.614179730415344238e-01
9.613223075866699219e-01
9.614927172660827637e-01
9.613609313964843750e-01
9.613901376724243164e-01
9.614440798759460449e-01
9.611372947692871094e-01
9.617800712585449219e-01
9.613797068595886230e-01
9.611154794692993164e-01
9.615835547447204590e-01
9.615542888641357422e-01
9.614592194557189941e-01
9.610871672630310059e-01
9.618456959724426270e-01
9.614994525909423828e-01
9.616839885711669922e-01
9.615943431854248047e-01
9.614356756210327148e-01
9.614464044570922852e-01
9.621455669403076172e-01
9.613544940948486328e-01
9.616565108299255371e-01
9.611604809761047363e-01
9.616706967353820801e-01
9.612056016921997070e-01
9.614422321319580078e-01
9.615939259529113770e-01
9.614247083663940430e-01
9.612361192703247070e-01
9.616787433624267578e-01
9.612647294998168945e-01
9.614655971527099609e-01
9.614920616149902344e-01
9.617071747779846191e-01
9.617154598236083984e-01
9.617053270339965820e-01
9.612124562263488770e-01
9.614750146865844727e-01
9.616890549659729004e-01
9.617930054664611816e-01
9.613963365554809570e-01
9.616682529449462891e-01
9.616129398345947266e-01
9.617072939872741699e-01
9.618486166000366211e-01
9.617930650711059570e-01
9.615388512611389160e-01
9.615574479103088379e-01
9.616696834564208984e-01
9.621344208717346191e-01
9.613457322120666504e-01
9.616187810897827148e-01
9.616277813911437988e-01
9.618098735809326172e-01
9.614183902740478516e-01
9.618226885795593262e-01
9.618777632713317871e-01
9.621050953865051270e-01
9.616751074790954590e-01
9.616758823394775391e-01
9.616099596023559570e-01
9.617457389831542969e-01
9.617785811424255371e-01
9.619024395942687988e-01
9.617249369621276855e-01
9.618034362792968750e-01
9.612631201744079590e-01
9.616830348968505859e-01
9.615817070007324219e-01
9.612500071525573730e-01
9.615535140037536621e-01
9.619519114494323730e-01
9.616769552230834961e-01
9.620416164398193359e-01
9.616953134536743164e-01
9.616822600364685059e-01
9.616639614105224609e-01
9.618492126464843750e-01
9.617255926132202148e-01
9.614264965057373047e-01
9.616124033927917480e-01
9.616702198982238770e-01
9.618446826934814453e-01
9.617416858673095703e-01
9.614830017089843750e-01
9.617359042167663574e-01
9.616431593894958496e-01
9.616239666938781738e-01
9.618348479270935059e-01
9.617614746093750000e-01
9.620099663734436035e-01
9.619483947753906250e-01
9.620645046234130859e-01
9.619045853614807129e-01
9.617873430252075195e-01
9.613950848579406738e-01
9.619702100753784180e-01
9.614145159721374512e-01
9.618403911590576172e-01
9.614848494529724121e-01
9.620697498321533203e-01
9.618083238601684570e-01
9.622870087623596191e-01
9.613882303237915039e-01
9.616076946258544922e-01
9.618903994560241699e-01
9.615275859832763672e-01
9.618647694587707520e-01
9.619059562683105469e-01
9.617751240730285645e-01
9.616121649742126465e-01
9.619233608245849609e-01
9.616295099258422852e-01
9.615586996078491211e-01
9.611890316009521484e-01
9.616260528564453125e-01
9.621374607086181641e-01
9.618378281593322754e-01
9.615729451179504395e-01
9.620364308357238770e-01
9.616536498069763184e-01
9.616228342056274414e-01
9.617601633071899414e-01
9.619582295417785645e-01
9.614669680595397949e-01
9.616519212722778320e-01
9.622876048088073730e-01
9.620093703269958496e-01
9.619914293289184570e-01
9.620943665504455566e-01
9.615380764007568359e-01
9.616715908050537109e-01
9.616644382476806641e-01
9.616473317146301270e-01
9.613795280456542969e-01
9.619084000587463379e-01
9.619870781898498535e-01
9.619630575180053711e-01
9.614405632019042969e-01
9.617016315460205078e-01
9.617351293563842773e-01
9.620171189308166504e-01
9.616364836692810059e-01
9.617429971694946289e-01
9.621304273605346680e-01
9.617918133735656738e-01
9.620761275291442871e-01
9.618698358535766602e-01
9.617268443107604980e-01
9.618511795997619629e-01
9.617013335227966309e-01
9.615843296051025391e-01
9.618313312530517578e-01
9.617056250572204590e-01
9.617606997489929199e-01
9.618635773658752441e-01
9.616004824638366699e-01
9.614602923393249512e-01
9.617831707000732422e-01
9.621245861053466797e-01
9.621348381042480469e-01
9.617595076560974121e-01
9.616115093231201172e-01
9.621078372001647949e-01
9.622809886932373047e-01
9.618061780929565430e-01
9.625239372253417969e-01
9.622537493705749512e-01
9.621580243110656738e-01
9.621261358261108398e-01
9.617495536804199219e-01
9.615749120712280273e-01
9.621332287788391113e-01
9.618788957595825195e-01
9.621066451072692871e-01
9.623702764511108398e-01
9.621247649192810059e-01
9.617231488227844238e-01
9.624361395835876465e-01
9.622988700866699219e-01
9.619952440261840820e-01
9.616603255271911621e-01
9.616639614105224609e-01
9.616405963897705078e-01
9.619114398956298828e-01
9.619898796081542969e-01
9.620637297630310059e-01
9.623218774795532227e-01
9.620387554168701172e-01
9.619548916816711426e-01
9.618794322013854980e-01
9.616934061050415039e-01
9.622564911842346191e-01
9.615960717201232910e-01
9.618260264396667480e-01
9.619190692901611328e-01
9.617321491241455078e-01
9.619114398956298828e-01
9.615933299064636230e-01
9.614936113357543945e-01
9.620679616928100586e-01
9.619062542915344238e-01
9.621368646621704102e-01
9.621573090553283691e-01
9.621620178222656250e-01
9.620064496994018555e-01
9.619202613830566406e-01
9.620340466499328613e-01
9.620192050933837891e-01
9.619671106338500977e-01
9.622001647949218750e-01
9.622649550437927246e-01
9.620946645736694336e-01
9.619217514991760254e-01
9.618785381317138672e-01
9.620541334152221680e-01
9.622233510017395020e-01
9.617096781730651855e-01
9.622445106506347656e-01
9.622159004211425781e-01
9.619625806808471680e-01
9.619352221488952637e-01
9.623416066169738770e-01
9.620045423507690430e-01
9.620584249496459961e-01
9.622105360031127930e-01
9.618594646453857422e-01
9.615465402603149414e-01
9.618332386016845703e-01
9.619255065917968750e-01
9.619731903076171875e-01
9.619023799896240234e-01
9.617195725440979004e-01
9.616433978080749512e-01
9.620044827461242676e-01
9.619317054748535156e-01
9.619790911674499512e-01
9.613549113273620605e-01
9.619566202163696289e-01
9.617527127265930176e-01
9.617595672607421875e-01
9.616014361381530762e-01
9.616304039955139160e-01
9.615966677665710449e-01
9.615950584411621094e-01
9.620414972305297852e-01
9.616931676864624023e-01
9.618025422096252441e-01
9.619615077972412109e-01
9.614729285240173340e-01
9.623165726661682129e-01
9.615907073020935059e-01
9.619541764259338379e-01
9.620252847671508789e-01
9.614123702049255371e-01
9.617042541503906250e-01
9.616592526435852051e-01
9.620089530944824219e-01
9.617111682891845703e-01
9.621677398681640625e-01
9.621886610984802246e-01
9.616336226463317871e-01
9.616108536720275879e-01
9.619001746177673340e-01
9.619915485382080078e-01
9.615947008132934570e-01
9.618579149246215820e-01
9.618895649909973145e-01
9.616721272468566895e-01
9.617492556571960449e-01
9.618628025054931641e-01
9.613888263702392578e-01
9.619093537330627441e-01
9.619718790054321289e-01
9.617410302162170410e-01
9.619721770286560059e-01
9.617649912834167480e-01
9.620588421821594238e-01
9.620800018310546875e-01
9.617539048194885254e-01
9.618920683860778809e-01
9.619983434677124023e-01
9.616993069648742676e-01
9.619938731193542480e-01
9.618050456047058105e-01
9.619042873382568359e-01
9.623519778251647949e-01
9.618588089942932129e-01
9.618088603019714355e-01
9.616995453834533691e-01
9.621065258979797363e-01
9.617016315460205078e-01
9.618314504623413086e-01
9.617848396301269531e-01
9.620390534400939941e-01
9.620200395584106445e-01
9.619249701499938965e-01
9.622606635093688965e-01
9.620004892349243164e-01
9.620674848556518555e-01
9.619523882865905762e-01
9.618350267410278320e-01
9.619859457015991211e-01
9.622800350189208984e-01
9.621450901031494141e-01
9.623110890388488770e-01
9.621822834014892578e-01
9.621270895004272461e-01
9.621224403381347656e-01
9.619203209877014160e-01
9.622002243995666504e-01
9.620644450187683105e-01
9.618048071861267090e-01
9.619523882865905762e-01
9.619824290275573730e-01
9.622091054916381836e-01
9.617102146148681641e-01
9.620750546455383301e-01
9.618843197822570801e-01
9.620758295059204102e-01
9.621601700782775879e-01
9.617930650711059570e-01
9.617643952369689941e-01
9.621369838714599609e-01
9.624029397964477539e-01
9.623840451240539551e-01
9.618672728538513184e-01
9.619364738464355469e-01
9.623216390609741211e-01
9.620029330253601074e-01
9.624702334403991699e-01
9.623128771781921387e-01
9.621365070343017578e-01
9.620973467826843262e-01
9.621224999427795410e-01
9.617620706558227539e-01
9.618168473243713379e-01
9.621478915214538574e-01
9.617227315902709961e-01
9.616361856460571289e-01
9.619987607002258301e-01
9.622315764427185059e-01
9.621778726577758789e-01
9.620143175125122070e-01
9.620471000671386719e-01
9.623037576675415039e-01
9.620254635810852051e-01
9.615997076034545898e-01
9.623936414718627930e-01
9.621511697769165039e-01
9.619133472442626953e-01
9.619832038879394531e-01
9.621393680572509766e-01
9.620621204376220703e-01
9.622472524642944336e-01
9.622404575347900391e-01
9.624444842338562012e-01
9.625949263572692871e-01
9.622323513031005859e-01
9.620882272720336914e-01
9.624165296554565430e-01
9.621476531028747559e-01
9.618611335754394531e-01
9.621136188507080078e-01
9.624530673027038574e-01
9.622887969017028809e-01
9.620078206062316895e-01
9.622811675071716309e-01
9.623780846595764160e-01
9.624847173690795898e-01
9.620292186737060547e-01
9.622490406036376953e-01
9.623116254806518555e-01
9.627366662025451660e-01
9.624410867691040039e-01
9.624227285385131836e-01
9.624469280242919922e-01
9.627813696861267090e-01
9.623301625251770020e-01
9.624833464622497559e-01
9.621858000755310059e-01
9.622074365615844727e-01
9.623797535896301270e-01
9.623064994812011719e-01
9.621238708496093750e-01
9.626957774162292480e-01
9.619367718696594238e-01
9.624426960945129395e-01
9.623935222625732422e-01
9.621545672416687012e-01
9.624665975570678711e-01
9.621457457542419434e-01
9.623786807060241699e-01
9.624701738357543945e-01
9.624694585800170898e-01
9.622957706451416016e-01
9.620717763900756836e-01
9.623420238494873047e-01
9.623993039131164551e-01
9.622747898101806641e-01
9.622374773025512695e-01
9.621869921684265137e-01
9.623228311538696289e-01
9.622442722320556641e-01
9.622560143470764160e-01
9.622494578361511230e-01
9.623931050300598145e-01
9.627401828765869141e-01
9.622297883033752441e-01
9.618043303489685059e-01
9.618388414382934570e-01
9.625287055969238281e-01
9.621418118476867676e-01
9.622154831886291504e-01
9.619993567466735840e-01
9.623897671699523926e-01
9.619669914245605469e-01
9.620707035064697266e-01
9.625617861747741699e-01
9.622971415519714355e-01
9.623497128486633301e-01
9.623426795005798340e-01
9.620765447616577148e-01
9.620622396469116211e-01
9.619762301445007324e-01
9.622350931167602539e-01
9.624671339988708496e-01
9.621844291687011719e-01
9.619364738464355469e-01
9.623540639877319336e-01
9.618741869926452637e-01
9.622778296470642090e-01
9.622401595115661621e-01
9.621266126632690430e-01
9.624772071838378906e-01
9.627172350883483887e-01
9.623854756355285645e-01
9.620770215988159180e-01
9.621975421905517578e-01
9.623800516128540039e-01
9.622429013252258301e-01
9.618380069732666016e-01
9.619213938713073730e-01
9.622077345848083496e-01
9.621046185493469238e-01
9.623029232025146484e-01
9.624720811843872070e-01
9.625319838523864746e-01
9.620144367218017578e-01
9.619435071945190430e-01
9.620396494865417480e-01
9.622051715850830078e-01
9.624215960502624512e-01
9.621473550796508789e-01
9.622341394424438477e-01
9.623069763183593750e-01
9.621750116348266602e-01
9.619772434234619141e-01
9.620260596275329590e-01
9.618543982505798340e-01
9.619633555412292480e-01
9.625953435897827148e-01
9.622339010238647461e-01
9.617546200752258301e-01
9.621161818504333496e-01
9.622254371643066406e-01
9.624267816543579102e-01
9.623730182647705078e-01
9.621427059173583984e-01
9.623824954032897949e-01
9.619891643524169922e-01
9.626290798187255859e-01
9.620770215988159180e-01
9.622309803962707520e-01
9.620413184165954590e-01
9.621517062187194824e-01
9.623309969902038574e-01
9.624995589256286621e-01
9.619587063789367676e-01
9.623373150825500488e-01
9.623484611511230469e-01
9.618942737579345703e-01
9.622747898101806641e-01
9.625772237777709961e-01
9.621702432632446289e-01
9.620825052261352539e-01
9.620147943496704102e-01
9.618598818778991699e-01
9.621178507804870605e-01
9.616340398788452148e-01
9.613685607910156250e-01
9.624006748199462891e-01
9.621044993400573730e-01
9.621524810791015625e-01
9.622810482978820801e-01
9.618584513664245605e-01
9.620137214660644531e-01
9.618194699287414551e-01
9.620999097824096680e-01
9.618620872497558594e-01
9.622577428817749023e-01
9.620767235755920410e-01
9.622971415519714355e-01
9.619393944740295410e-01
9.620530009269714355e-01
9.620599150657653809e-01
9.618664383888244629e-01
9.617279171943664551e-01
9.620887637138366699e-01
9.620715975761413574e-01
9.616345167160034180e-01
9.614849090576171875e-01
9.623293280601501465e-01
9.620772600173950195e-01
9.619151353836059570e-01
9.619734287261962891e-01
9.621919989585876465e-01
9.617016315460205078e-01
9.617671370506286621e-01
9.620372056961059570e-01
9.622216820716857910e-01
9.617239236831665039e-01
9.618630409240722656e-01
9.617916941642761230e-01
9.620422124862670898e-01
9.618698954582214355e-01
9.620405435562133789e-01
9.621860980987548828e-01
9.619829058647155762e-01
9.619601964950561523e-01
9.615359306335449219e-01
9.620883464813232422e-01
9.620713591575622559e-01
9.621011614799499512e-01
9.621676802635192871e-01
9.620153307914733887e-01
9.623160362243652344e-01
9.618530273437500000e-01
9.622409343719482422e-01
9.619241356849670410e-01
9.619867205619812012e-01
9.618276953697204590e-01
9.620237946510314941e-01
9.618455767631530762e-01
9.621020555496215820e-01
9.622129201889038086e-01
9.617813229560852051e-01
9.620721340179443359e-01
9.622557163238525391e-01
9.617889523506164551e-01
9.623093605041503906e-01
9.617890715599060059e-01
9.620315432548522949e-01
9.620695710182189941e-01
9.621122479438781738e-01
9.619812965393066406e-01
9.619747996330261230e-01
9.615696072578430176e-01
9.616953134536743164e-01
9.616920351982116699e-01
9.619882702827453613e-01
9.621351361274719238e-01
9.620563983917236328e-01
9.623342156410217285e-01
9.620993733406066895e-01
9.618521332740783691e-01
9.622604846954345703e-01
9.621614217758178711e-01
9.618768095970153809e-01
9.623887538909912109e-01
9.623769521713256836e-01
9.617217183113098145e-01
9.619176983833312988e-01
9.622197151184082031e-01
9.618809223175048828e-01
9.620872735977172852e-01
9.619666934013366699e-01
9.622086286544799805e-01
9.623323082923889160e-01
9.616961479187011719e-01
9.621549844741821289e-01
9.618009924888610840e-01
9.624588489532470703e-01
9.620938301086425781e-01
9.617519974708557129e-01
9.621631503105163574e-01
9.622208476066589355e-01
9.625066518783569336e-01
9.615917205810546875e-01
9.623625874519348145e-01
9.622204303741455078e-01
9.619228243827819824e-01
9.619361758232116699e-01
9.624528288841247559e-01
9.617645144462585449e-01
9.619126915931701660e-01
9.621821641921997070e-01
9.622488617897033691e-01
9.624632000923156738e-01
9.622462987899780273e-01
9.624176621437072754e-01
9.618623256683349609e-01
9.619793891906738281e-01
9.619143605232238770e-01
9.616457223892211914e-01
9.616878032684326172e-01
9.625142812728881836e-01
9.623317122459411621e-01
9.620699882507324219e-01
9.623818397521972656e-01
9.620541930198669434e-01
9.617216587066650391e-01
9.620467424392700195e-01
9.620015025138854980e-01
9.621570110321044922e-01
9.616508483886718750e-01
9.622291326522827148e-01
9.623824954032897949e-01
9.620226025581359863e-01
9.621642827987670898e-01
9.617670178413391113e-01
9.619781374931335449e-01
9.618086218833923340e-01
9.620143771171569824e-01
9.620686173439025879e-01
9.621928930282592773e-01
9.623840451240539551e-01
9.624310135841369629e-01
9.618722796440124512e-01
9.622963070869445801e-01
9.620678424835205078e-01
9.622917175292968750e-01
9.619299173355102539e-01
9.618585705757141113e-01
9.620835781097412109e-01
9.619502425193786621e-01
9.621560573577880859e-01
9.619697332382202148e-01
9.617377519607543945e-01
9.619150757789611816e-01
9.620140790939331055e-01
9.620254635810852051e-01
9.618954658508300781e-01
9.622821211814880371e-01
9.620637297630310059e-01
9.621312618255615234e-01
9.624087810516357422e-01
9.623612761497497559e-01
9.619666934013366699e-01
9.619123339653015137e-01
9.622673988342285156e-01
9.623205661773681641e-01
9.618927836418151855e-01
9.621085524559020996e-01
9.619612693786621094e-01
9.627575874328613281e-01
9.624310135841369629e-01
9.625590443611145020e-01
9.617288708686828613e-01
9.622229933738708496e-01
9.622656106948852539e-01
9.623603820800781250e-01
9.622766375541687012e-01
9.625604152679443359e-01
9.620498418807983398e-01
9.620532393455505371e-01
9.619607329368591309e-01
9.623205661773681641e-01
9.626516699790954590e-01
9.626567363739013672e-01
9.622958302497863770e-01
9.624065160751342773e-01
9.622195959091186523e-01
9.622473120689392090e-01
9.622550010681152344e-01
9.623777866363525391e-01
9.624725580215454102e-01
9.623426198959350586e-01
9.622909426689147949e-01
9.622523784637451172e-01
9.618740081787109375e-01
9.620155096054077148e-01
9.622445106506347656e-01
9.624984264373779297e-01
9.622074961662292480e-01
9.623190164566040039e-01
9.621924757957458496e-01
9.624173045158386230e-01
9.624620079994201660e-01
9.626818895339965820e-01
9.623848199844360352e-01
9.624394774436950684e-01
9.621407985687255859e-01
9.625862240791320801e-01
9.624221920967102051e-01
9.622843861579895020e-01
9.625287055969238281e-01
9.624668955802917480e-01
9.617996215820312500e-01
9.625874161720275879e-01
9.622201323509216309e-01
9.626835584640502930e-01
9.624142646789550781e-01
9.623347520828247070e-01
9.621988534927368164e-01
9.622382521629333496e-01
9.626988172531127930e-01
9.624099135398864746e-01
9.623720645904541016e-01
9.621478319168090820e-01
9.622347354888916016e-01
9.623930454254150391e-01
9.623187780380249023e-01
9.623388051986694336e-01
9.627372622489929199e-01
9.620191454887390137e-01
9.619347453117370605e-01
9.617522954940795898e-01
9.626458883285522461e-01
9.622579216957092285e-01
9.621945023536682129e-01
9.622194170951843262e-01
9.626394510269165039e-01
9.621652364730834961e-01
9.624614119529724121e-01
9.626194834709167480e-01
9.619903564453125000e-01
9.626824259757995605e-01
9.619888067245483398e-01
9.625337123870849609e-01
9.623347520828247070e-01
9.624379873275756836e-01
9.626772999763488770e-01
9.622554183006286621e-01
9.623657464981079102e-01
9.618982672691345215e-01
9.623851180076599121e-01
9.622402787208557129e-01
9.622495174407958984e-01
9.619334936141967773e-01
9.622003436088562012e-01
9.621379375457763672e-01
9.622194170951843262e-01
9.621500968933105469e-01
9.623653888702392578e-01
9.624569416046142578e-01
9.623546004295349121e-01
9.620279073715209961e-01
9.623487591743469238e-01
9.623739123344421387e-01
9.622814655303955078e-01
9.622050523757934570e-01
9.623198509216308594e-01
9.622288346290588379e-01
9.620187282562255859e-01
9.623854160308837891e-01
9.622936248779296875e-01
9.625660777091979980e-01
9.624111652374267578e-01
9.622336626052856445e-01
9.625355005264282227e-01
9.624639153480529785e-01
9.620001912117004395e-01
9.622386097908020020e-01
9.625111222267150879e-01
9.622651934623718262e-01
9.621549844741821289e-01
9.628328680992126465e-01
9.623298645019531250e-01
9.625381231307983398e-01
9.624910950660705566e-01
9.625359177589416504e-01
9.624924659729003906e-01
9.619627594947814941e-01
9.622889161109924316e-01
9.625101685523986816e-01
9.618055820465087891e-01
9.623115658760070801e-01
9.622570276260375977e-01
9.624917507171630859e-01
9.622145295143127441e-01
9.620767831802368164e-01
9.622772336006164551e-01
9.624557495117187500e-01
9.624065160751342773e-01
9.619059562683105469e-01
9.622232317924499512e-01
9.621289968490600586e-01
9.623600840568542480e-01
9.621708393096923828e-01
9.626057147979736328e-01
9.623085856437683105e-01
9.621099829673767090e-01
9.624468088150024414e-01
9.623405337333679199e-01
9.626575708389282227e-01
9.624080657958984375e-01
9.624427556991577148e-01
9.624323844909667969e-01
9.626020789146423340e-01
9.622488617897033691e-01
9.626907110214233398e-01
9.616838097572326660e-01
9.624047875404357910e-01
9.623459577560424805e-01
9.624220132827758789e-01
9.626235961914062500e-01
9.622909426689147949e-01
9.626620411872863770e-01
9.626394510269165039e-01
9.627707004547119141e-01
9.624527096748352051e-01
9.622642397880554199e-01
9.625976681709289551e-01
9.629849195480346680e-01
9.624001979827880859e-01
9.626774787902832031e-01
9.625942707061767578e-01
9.624549746513366699e-01
9.627818465232849121e-01
9.627903103828430176e-01
9.623761177062988281e-01
9.625325202941894531e-01
9.626076221466064453e-01
9.622568488121032715e-01
9.622693061828613281e-01
9.630863666534423828e-01
9.626365900039672852e-01
9.621979594230651855e-01
9.625467658042907715e-01
9.628178477287292480e-01
9.626246690750122070e-01
9.625868201255798340e-01
9.628884792327880859e-01
9.629276990890502930e-01
9.625657796859741211e-01
9.628369212150573730e-01
9.626232385635375977e-01
9.627259969711303711e-01
9.619709253311157227e-01
9.624277353286743164e-01
9.627797007560729980e-01
9.627662897109985352e-01
9.625707864761352539e-01
9.624829292297363281e-01
9.624116420745849609e-01
9.626537561416625977e-01
9.623311758041381836e-01
9.622902870178222656e-01
9.624361395835876465e-01
9.628757238388061523e-01
9.625633358955383301e-01
9.624516367912292480e-01
9.625371694564819336e-01
9.628909826278686523e-01
9.626109600067138672e-01
9.626717567443847656e-01
9.628195166587829590e-01
9.626078009605407715e-01
9.625317454338073730e-01
9.626623392105102539e-01
9.628105163574218750e-01
9.624140858650207520e-01
9.628288149833679199e-01
9.629625082015991211e-01
9.624524712562561035e-01
9.629875421524047852e-01
9.629562497138977051e-01
9.631460309028625488e-01
9.623588323593139648e-01
9.626653790473937988e-01
9.631413221359252930e-01
9.631397724151611328e-01
9.629592299461364746e-01
9.629766941070556641e-01
9.628434777259826660e-01
9.626621007919311523e-01
9.626182317733764648e-01
9.629762172698974609e-01
9.627270698547363281e-01
9.630609154701232910e-01
9.627624750137329102e-01
9.629566073417663574e-01
9.629598855972290039e-01
9.629815816879272461e-01
9.626069068908691406e-01
9.625938534736633301e-01
9.624688625335693359e-01
9.623466730117797852e-01
9.628023505210876465e-01
9.627090692520141602e-01
9.627852439880371094e-01
9.629164934158325195e-01
9.631368517875671387e-01
9.626225233078002930e-01
9.629855155944824219e-01
9.628904461860656738e-01
9.624751210212707520e-01
9.628102183341979980e-01
9.633230566978454590e-01
9.625546336174011230e-01
9.628934264183044434e-01
9.628382325172424316e-01
9.627239704132080078e-01
9.627416729927062988e-01
9.628589749336242676e-01
9.626934528350830078e-01
9.629670977592468262e-01
9.629949331283569336e-01
9.629578590393066406e-01
9.623372554779052734e-01
9.627059698104858398e-01
9.626423716545104980e-01
9.628513455390930176e-01
9.630048871040344238e-01
9.631345868110656738e-01
9.630441069602966309e-01
9.630180597305297852e-01
9.629878997802734375e-01
9.625630378723144531e-01
9.628165364265441895e-01
9.626529812812805176e-01
9.631100296974182129e-01
9.627065062522888184e-01
9.630668759346008301e-01
9.630615711212158203e-01
9.629933834075927734e-01
9.628484249114990234e-01
9.629673957824707031e-01
9.626393318176269531e-01
9.629456996917724609e-01
9.628338813781738281e-01
9.628404378890991211e-01
9.629685878753662109e-01
9.628307819366455078e-01
9.628407359123229980e-01
9.633660912513732910e-01
9.626718163490295410e-01
9.633409380912780762e-01
9.632000923156738281e-01
9.630432128906250000e-01
9.630454778671264648e-01
9.625576734542846680e-01
9.628132581710815430e-01
9.632481336593627930e-01
9.629980325698852539e-01
9.625901579856872559e-01
9.628247022628784180e-01
9.631437659263610840e-01
9.627076983451843262e-01
9.631205797195434570e-01
9.629390239715576172e-01
9.629541039466857910e-01
9.627641439437866211e-01
9.628236293792724609e-01
9.631259441375732422e-01
9.628779888153076172e-01
9.630546569824218750e-01
9.629276990890502930e-01
9.631807208061218262e-01
9.627356529235839844e-01
9.629778861999511719e-01
9.627952575683593750e-01
9.630130529403686523e-01
9.631803631782531738e-01
9.628436565399169922e-01
9.630631804466247559e-01
9.630682468414306641e-01
9.633917212486267090e-01
9.628980755805969238e-01
9.628846645355224609e-01
9.628101587295532227e-01
9.628259539604187012e-01
9.628233909606933594e-01
9.630925655364990234e-01
9.630398750305175781e-01
9.634786248207092285e-01
9.626713395118713379e-01
9.628761410713195801e-01
9.627091884613037109e-01
9.632887244224548340e-01
9.632053971290588379e-01
9.629839062690734863e-01
9.631394147872924805e-01
9.626948833465576172e-01
9.627981781959533691e-01
9.630467295646667480e-01
9.626731276512145996e-01
9.629560708999633789e-01
9.631327986717224121e-01
9.626724123954772949e-01
9.630367159843444824e-01
9.631806015968322754e-01
9.630816578865051270e-01
9.631183147430419922e-01
9.630364775657653809e-01
9.629099369049072266e-01
9.629379510879516602e-01
9.630268812179565430e-01
9.629025459289550781e-01
9.629368782043457031e-01
9.636004567146301270e-01
9.630544781684875488e-01
9.629904031753540039e-01
9.632377624511718750e-01
9.632642865180969238e-01
9.632650613784790039e-01
9.629653692245483398e-01
9.630010724067687988e-01
9.627725481986999512e-01
9.630289673805236816e-01
9.633222818374633789e-01
9.629518985748291016e-01
9.631845355033874512e-01
9.632824659347534180e-01
9.629980325698852539e-01
9.633413553237915039e-01
9.629786610603332520e-01
9.629424810409545898e-01
9.626511335372924805e-01
9.632586836814880371e-01
9.630819559097290039e-01
9.631540179252624512e-01
9.629537463188171387e-01
9.633816480636596680e-01
9.633888006210327148e-01
9.628558158874511719e-01
9.634075760841369629e-01
9.630813598632812500e-01
9.630569219589233398e-01
9.633957147598266602e-01
9.628132581710815430e-01
9.634086489677429199e-01
9.632756114006042480e-01
9.633650183677673340e-01
9.634705185890197754e-01
9.628088474273681641e-01
9.633398652076721191e-01
9.631587266921997070e-01
9.627673625946044922e-01
9.632203578948974609e-01
9.631647467613220215e-01
9.630829095840454102e-01
9.633508324623107910e-01
9.632192254066467285e-01
9.629727005958557129e-01
9.632916450500488281e-01
9.633216857910156250e-01
9.629551768302917480e-01
9.633032083511352539e-01
9.627084136009216309e-01
9.630755782127380371e-01
9.627670049667358398e-01
9.631221294403076172e-01
9.630543589591979980e-01
9.632857441902160645e-01
9.629434347152709961e-01
9.629337787628173828e-01
9.629475474357604980e-01
9.628933072090148926e-01
9.627526998519897461e-01
9.627909064292907715e-01
9.628434777259826660e-01
9.630988240242004395e-01
9.628900289535522461e-01
9.627067446708679199e-01
9.629638791084289551e-01
9.631012678146362305e-01
9.629682898521423340e-01
9.631938934326171875e-01
9.630262851715087891e-01
9.629074335098266602e-01
9.631513357162475586e-01
9.631543159484863281e-01
9.626865983009338379e-01
9.627230763435363770e-01
9.633374810218811035e-01
9.626407027244567871e-01
9.630796909332275391e-01
9.630581140518188477e-01
9.630494713783264160e-01
9.632164239883422852e-01
9.630929827690124512e-01
9.628567695617675781e-01
9.628895521163940430e-01
9.628961086273193359e-01
9.631817340850830078e-01
9.630532264709472656e-01
9.630842804908752441e-01
9.630929827690124512e-01
9.628413915634155273e-01
9.631265401840209961e-01
9.629988670349121094e-01
9.632313251495361328e-01
9.631088972091674805e-01
9.630377292633056641e-01
9.630000591278076172e-01
9.630017280578613281e-01
9.628617763519287109e-01
9.629573225975036621e-01
9.629556536674499512e-01
9.631950259208679199e-01
9.629201292991638184e-01
9.631385207176208496e-01
9.633645415306091309e-01
9.631384015083312988e-01
9.630291461944580078e-01
9.629563093185424805e-01
9.632249474525451660e-01
9.631066918373107910e-01
9.629922509193420410e-01
9.633477926254272461e-01
9.634453058242797852e-01
9.630618095397949219e-01
9.629886150360107422e-01
9.630973935127258301e-01
9.629057049751281738e-01
9.630156159400939941e-01
9.629573225975036621e-01
9.632977843284606934e-01
9.633939862251281738e-01
9.633936882019042969e-01
9.632046222686767578e-01
9.635211229324340820e-01
9.630513191223144531e-01
9.633833169937133789e-01
9.635859727859497070e-01
9.633094668388366699e-01
9.634944200515747070e-01
9.637988209724426270e-01
9.630418419837951660e-01
9.632667303085327148e-01
9.634839892387390137e-01
9.632887244224548340e-01
9.632516503334045410e-01
9.632719159126281738e-01
9.633426666259765625e-01
9.630210399627685547e-01
9.632295370101928711e-01
9.632868170738220215e-01
9.631865024566650391e-01
9.631806015968322754e-01
9.632074236869812012e-01
9.631522893905639648e-01
9.634211063385009766e-01
9.634702801704406738e-01
9.634760022163391113e-01
9.631775617599487305e-01
9.634472727775573730e-01
9.631838202476501465e-01
9.632121324539184570e-01
9.630264043807983398e-01
9.634324908256530762e-01
9.632681012153625488e-01
9.636442661285400391e-01
9.635925292968750000e-01
9.634740948677062988e-01
9.636144042015075684e-01
9.636667370796203613e-01
9.637725949287414551e-01
9.633993506431579590e-01
9.636206030845642090e-01
9.634345769882202148e-01
9.637150764465332031e-01
9.633003473281860352e-01
9.636459350585937500e-01
9.632601737976074219e-01
9.632478952407836914e-01
9.631892442703247070e-01
9.634075760841369629e-01
9.638639688491821289e-01
9.634306430816650391e-01
9.636639356613159180e-01
9.634267687797546387e-01
9.632417559623718262e-01
9.635074734687805176e-01
9.634845256805419922e-01
9.632312059402465820e-01
9.632549881935119629e-01
9.630848765373229980e-01
9.632136821746826172e-01
9.632065296173095703e-01
9.633438587188720703e-01
9.635630249977111816e-01
9.633494615554809570e-01
9.635448455810546875e-01
9.634876847267150879e-01
9.633121490478515625e-01
9.633342623710632324e-01
9.633561968803405762e-01
9.634293317794799805e-01
9.634320735931396484e-01
9.631890654563903809e-01
9.634494185447692871e-01
9.634605646133422852e-01
9.636527895927429199e-01
9.635252356529235840e-01
9.637992382049560547e-01
9.636399149894714355e-01
9.635688066482543945e-01
9.632081389427185059e-01
9.634588360786437988e-01
9.634567499160766602e-01
9.636777639389038086e-01
9.636697173118591309e-01
9.637529253959655762e-01
9.638907909393310547e-01
9.634312391281127930e-01
9.635977745056152344e-01
9.634708166122436523e-01
9.635481238365173340e-01
9.635661244392395020e-01
9.633558392524719238e-01
9.639565944671630859e-01
9.637597799301147461e-01
9.634593129158020020e-01
9.640458822250366211e-01
9.635549783706665039e-01
9.637568593025207520e-01
9.635761976242065430e-01
9.638859629631042480e-01
9.637235999107360840e-01
9.635104537010192871e-01
9.638087749481201172e-01
9.636697173118591309e-01
9.640960693359375000e-01
9.635530114173889160e-01
9.629906415939331055e-01
9.638247489929199219e-01
9.635739326477050781e-01
9.637442231178283691e-01
9.637354016304016113e-01
9.638143777847290039e-01
9.636536240577697754e-01
9.637742638587951660e-01
9.639790058135986328e-01
9.640091061592102051e-01
9.636873006820678711e-01
9.634661674499511719e-01
9.637785553932189941e-01
9.634284377098083496e-01
9.635934233665466309e-01
9.638801813125610352e-01
9.639409780502319336e-01
9.633552432060241699e-01
9.635731577873229980e-01
9.639875292778015137e-01
9.636293053627014160e-01
9.637151360511779785e-01
9.636100530624389648e-01
9.637473821640014648e-01
9.638517498970031738e-01
9.640119671821594238e-01
9.636126756668090820e-01
9.638598561286926270e-01
9.635930657386779785e-01
9.635108113288879395e-01
9.638171195983886719e-01
9.631379842758178711e-01
9.637824892997741699e-01
9.640220403671264648e-01
9.633221626281738281e-01
9.635130167007446289e-01
9.636608958244323730e-01
9.636884927749633789e-01
9.636398553848266602e-01
9.637584090232849121e-01
9.634854197502136230e-01
9.632800817489624023e-01
9.633023142814636230e-01
9.633840918540954590e-01
9.634001851081848145e-01
9.636467099189758301e-01
9.636201262474060059e-01
9.637528061866760254e-01
9.635708332061767578e-01
9.633955955505371094e-01
9.637427330017089844e-01
9.638437032699584961e-01
9.633966088294982910e-01
9.636965990066528320e-01
9.639747142791748047e-01
9.637376666069030762e-01
9.637899994850158691e-01
9.637959003448486328e-01
9.636273384094238281e-01
9.635642766952514648e-01
9.636389017105102539e-01
9.632007479667663574e-01
9.637657403945922852e-01
9.638683795928955078e-01
9.633841514587402344e-01
9.638478159904479980e-01
9.632769823074340820e-01
9.641406536102294922e-01
9.635212421417236328e-01
9.638720750808715820e-01
9.635746479034423828e-01
9.639222621917724609e-01
9.637581110000610352e-01
9.632532000541687012e-01
9.637195467948913574e-01
9.638668894767761230e-01
9.637382626533508301e-01
9.635191559791564941e-01
9.632927179336547852e-01
9.640762209892272949e-01
9.637146592140197754e-01
9.636416435241699219e-01
9.641325473785400391e-01
9.642137289047241211e-01
9.638293385505676270e-01
9.639286994934082031e-01
9.639606475830078125e-01
9.633908271789550781e-01
9.642208814620971680e-01
9.638220071792602539e-01
9.636930823326110840e-01
9.632951617240905762e-01
9.635455608367919922e-01
9.628878831863403320e-01
9.632295966148376465e-01
9.635897874832153320e-01
9.636086821556091309e-01
9.634020328521728516e-01
9.635040163993835449e-01
9.634263515472412109e-01
9.635906219482421875e-01
9.639955163002014160e-01
9.632791280746459961e-01
9.633978009223937988e-01
9.638012051582336426e-01
9.638278484344482422e-01
9.638688564300537109e-01
9.634037017822265625e-01
9.634276628494262695e-01
9.637042880058288574e-01
9.639303684234619141e-01
9.636920094490051270e-01
9.631340503692626953e-01
9.635478258132934570e-01
9.638602733612060547e-01
9.638577103614807129e-01
9.637985825538635254e-01
9.634721875190734863e-01
9.634197950363159180e-01
9.636029601097106934e-01
9.635339379310607910e-01
9.636080861091613770e-01
9.636952280998229980e-01
9.632492065429687500e-01
9.638069272041320801e-01
9.639818072319030762e-01
9.634404778480529785e-01
9.636996984481811523e-01
9.636341929435729980e-01
9.636315107345581055e-01
9.638641476631164551e-01
9.634910821914672852e-01
9.640429019927978516e-01
9.637057781219482422e-01
9.635844230651855469e-01
9.638668894767761230e-01
9.636341929435729980e-01
9.635666012763977051e-01
9.637336730957031250e-01
9.638631343841552734e-01
9.637625813484191895e-01
9.638711810111999512e-01
9.639453291893005371e-01
9.634445905685424805e-01
9.639834761619567871e-01
9.638459682464599609e-01
9.638783335685729980e-01
9.637436866760253906e-01
9.637463092803955078e-01
9.635563492774963379e-01
9.634692668914794922e-01
9.635952711105346680e-01
9.634628295898437500e-01
9.634550213813781738e-01
9.639680385589599609e-01
9.638235569000244141e-01
9.637364149093627930e-01
9.637925028800964355e-01
9.639958739280700684e-01
9.638228416442871094e-01
9.642788767814636230e-01
9.633851647377014160e-01
9.634119272232055664e-01
9.637919664382934570e-01
9.641836285591125488e-01
9.640249013900756836e-01
9.640058875083923340e-01
9.636513590812683105e-01
9.636589288711547852e-01
9.637093544006347656e-01
9.636952280998229980e-01
9.634330868721008301e-01
9.635131955146789551e-01
9.639760851860046387e-01
9.637849330902099609e-01
9.637203812599182129e-01
9.635191559791564941e-01
9.640243649482727051e-01
9.640457630157470703e-01
9.640492200851440430e-01
9.638931155204772949e-01
9.638679623603820801e-01
9.641619920730590820e-01
9.641714692115783691e-01
9.636431932449340820e-01
9.641410708427429199e-01
9.638440012931823730e-01
9.639222621917724609e-01
9.641725420951843262e-01
9.641668796539306641e-01
9.642394781112670898e-01
9.636176824569702148e-01
9.640202522277832031e-01
9.640274047851562500e-01
9.640015363693237305e-01
9.643600583076477051e-01
9.638690352439880371e-01
9.641303420066833496e-01
9.644271731376647949e-01
9.639598131179809570e-01
9.638231396675109863e-01
9.642956256866455078e-01
9.642175436019897461e-01
9.640898704528808594e-01
9.641575813293457031e-01
9.642072319984436035e-01
9.639263749122619629e-01
9.640074372291564941e-01
9.640723466873168945e-01
9.640996456146240234e-01
9.640705585479736328e-01
9.642382860183715820e-01
9.637920856475830078e-01
9.638769626617431641e-01
9.639775156974792480e-01
9.643459916114807129e-01
9.642686247825622559e-01
9.641906619071960449e-01
9.644315838813781738e-01
9.640505313873291016e-01
9.638536572456359863e-01
9.639987349510192871e-01
9.641748070716857910e-01
9.643356800079345703e-01
9.641285538673400879e-01
9.638728499412536621e-01
9.639446735382080078e-01
9.643162488937377930e-01
9.642497301101684570e-01
9.643172621726989746e-01
9.642335772514343262e-01
9.639628529548645020e-01
9.642994403839111328e-01
9.643950462341308594e-01
9.640868902206420898e-01
9.640005230903625488e-01
9.640606641769409180e-01
9.645359516143798828e-01
9.641604423522949219e-01
9.640774726867675781e-01
9.641435146331787109e-01
9.641126990318298340e-01
9.641972184181213379e-01
9.642091989517211914e-01
9.643178582191467285e-01
9.639143347740173340e-01
9.641591906547546387e-01
9.639890789985656738e-01
9.643366932868957520e-01
9.642766714096069336e-01
9.640925526618957520e-01
9.642450213432312012e-01
9.644892811775207520e-01
9.639260768890380859e-01
9.637472629547119141e-01
9.640111327171325684e-01
9.642492532730102539e-01
9.638977646827697754e-01
9.642115235328674316e-01
9.641598463058471680e-01
9.642345905303955078e-01
9.640478491783142090e-01
9.641938209533691406e-01
9.639309644699096680e-01
9.643428325653076172e-01
9.643988013267517090e-01
9.642198085784912109e-01
9.642310142517089844e-01
9.639866352081298828e-01
9.642553925514221191e-01
9.642552137374877930e-01
9.642862081527709961e-01
9.641118049621582031e-01
9.643105268478393555e-01
9.641758799552917480e-01
9.641178250312805176e-01
9.640914797782897949e-01
9.637750983238220215e-01
9.639928936958312988e-01
9.640336632728576660e-01
9.640787243843078613e-01
9.642980098724365234e-01
9.640473723411560059e-01
9.641913771629333496e-01
9.639707803726196289e-01
9.641586542129516602e-01
9.645321369171142578e-01
9.640753865242004395e-01
9.642849564552307129e-01
9.642246961593627930e-01
9.640679955482482910e-01
9.641206264495849609e-01
9.642665982246398926e-01
9.641988873481750488e-01
9.640238285064697266e-01
9.640652537345886230e-01
9.642916917800903320e-01
9.643920660018920898e-01
9.644194841384887695e-01
9.639697074890136719e-01
9.644113183021545410e-01
9.644481539726257324e-01
9.641261100769042969e-01
9.643743634223937988e-01
9.643222093582153320e-01
9.641755819320678711e-01
9.642867445945739746e-01
9.639497995376586914e-01
9.645110368728637695e-01
9.641192555427551270e-01
9.637767076492309570e-01
9.644696116447448730e-01
9.640574455261230469e-01
9.646377563476562500e-01
9.645709395408630371e-01
9.642146825790405273e-01
9.641667008399963379e-01
9.644243121147155762e-01
9.644948840141296387e-01
9.645428657531738281e-01
9.643260240554809570e-01
9.639686346054077148e-01
9.639827609062194824e-01
9.642952084541320801e-01
9.646005034446716309e-01
9.645316600799560547e-01
9.645626544952392578e-01
9.642294049263000488e-01
9.644080996513366699e-01
9.643644690513610840e-01
9.641331434249877930e-01
9.641926288604736328e-01
9.643100500106811523e-01
9.641924500465393066e-01
9.646450281143188477e-01
9.645568728446960449e-01
9.643486142158508301e-01
9.643577337265014648e-01
9.641879200935363770e-01
9.641011953353881836e-01
9.641902446746826172e-01
9.644714593887329102e-01
9.640600085258483887e-01
9.645243883132934570e-01
9.646920561790466309e-01
9.643759727478027344e-01
9.641330242156982422e-01
9.642788767814636230e-01
9.642113447189331055e-01
9.643728733062744141e-01
9.642816185951232910e-01
9.644420742988586426e-01
9.647389054298400879e-01
9.645143151283264160e-01
9.643983244895935059e-01
9.645674228668212891e-01
9.646716117858886719e-01
9.648289680480957031e-01
9.645897746086120605e-01
9.646956920623779297e-01
9.649676680564880371e-01
9.645797610282897949e-01
9.644957184791564941e-01
9.647151231765747070e-01
9.641587734222412109e-01
9.641993641853332520e-01
9.646096229553222656e-01
9.644746184349060059e-01
9.650502204895019531e-01
9.643075466156005859e-01
9.641520977020263672e-01
9.642810225486755371e-01
9.645628929138183594e-01
9.642413854598999023e-01
9.648148417472839355e-01
9.641288518905639648e-01
9.646831750869750977e-01
9.645599126815795898e-01
9.643620252609252930e-01
9.647433757781982422e-01
9.643487334251403809e-01
9.647803306579589844e-01
9.643792510032653809e-01
9.641955494880676270e-01
9.642990827560424805e-01
9.642033576965332031e-01
9.644933938980102539e-01
9.649301171302795410e-01
9.647131562232971191e-01
9.641533493995666504e-01
9.641700983047485352e-01
9.642925858497619629e-01
9.646284580230712891e-01
9.644319415092468262e-01
9.644483923912048340e-01
9.646488428115844727e-01
9.646202921867370605e-01
9.643778800964355469e-01
9.644590020179748535e-01
9.640360474586486816e-01
9.640050530433654785e-01
9.643020033836364746e-01
9.644027948379516602e-01
9.646232724189758301e-01
9.644789099693298340e-01
9.644336104393005371e-01
9.645854234695434570e-01
9.646173119544982910e-01
9.647443890571594238e-01
9.642345905303955078e-01
9.643261432647705078e-01
9.645090699195861816e-01
9.646993875503540039e-01
9.648033380508422852e-01
9.647055268287658691e-01
9.643334746360778809e-01
9.647172689437866211e-01
9.647002220153808594e-01
9.649355411529541016e-01
9.643627405166625977e-01
9.643962383270263672e-01
9.645200967788696289e-01
9.647216796875000000e-01
9.642552137374877930e-01
9.645467996597290039e-01
9.646652340888977051e-01
9.647997021675109863e-01
9.641285538673400879e-01
9.647644758224487305e-01
9.644697308540344238e-01
9.640995264053344727e-01
9.647185802459716797e-01
9.643554091453552246e-01
9.647566080093383789e-01
9.648601412773132324e-01
9.648650288581848145e-01
9.645999670028686523e-01
9.645921587944030762e-01
9.643996953964233398e-01
9.643206596374511719e-01
9.645397067070007324e-01
9.642211794853210449e-01
9.644230604171752930e-01
9.650020003318786621e-01
9.644010663032531738e-01
9.646336436271667480e-01
9.645314216613769531e-01
9.644742012023925781e-01
9.645318388938903809e-01
9.645584225654602051e-01
9.642407298088073730e-01
9.644369482994079590e-01
9.645577073097229004e-01
9.644641876220703125e-01
9.644235372543334961e-01
9.644061326980590820e-01
9.646684527397155762e-01
9.645083546638488770e-01
9.647383689880371094e-01
9.642543196678161621e-01
9.641464352607727051e-01
9.644225239753723145e-01
9.646208286285400391e-01
9.646209478378295898e-01
9.649507403373718262e-01
9.644957184791564941e-01
9.642900824546813965e-01
9.646270871162414551e-01
9.646426439285278320e-01
9.647358655929565430e-01
9.643841385841369629e-01
9.644988775253295898e-01
9.643279910087585449e-01
9.646257758140563965e-01
9.645377993583679199e-01
9.645459055900573730e-01
9.644952416419982910e-01
9.645211696624755859e-01
9.643098711967468262e-01
9.644958376884460449e-01
9.642562270164489746e-01
9.643557071685791016e-01
9.643819928169250488e-01
9.646928906440734863e-01
9.643170237541198730e-01
9.647051095962524414e-01
9.646220207214355469e-01
9.646530151367187500e-01
9.641889929771423340e-01
9.643199443817138672e-01
9.643043279647827148e-01
9.644718766212463379e-01
9.644684791564941406e-01
9.646244645118713379e-01
9.641216993331909180e-01
9.647014141082763672e-01
9.646227359771728516e-01
9.643514752388000488e-01
9.645919203758239746e-01
9.644357562065124512e-01
9.642085433006286621e-01
9.646740555763244629e-01
9.643933176994323730e-01
9.646834731101989746e-01
9.644001126289367676e-01
9.642979502677917480e-01
9.646770954132080078e-01
9.646202325820922852e-01
9.646353721618652344e-01
9.645679593086242676e-01
9.643411040306091309e-01
9.647002220153808594e-01
9.645276069641113281e-01
9.645020961761474609e-01
9.649788141250610352e-01
9.641609787940979004e-01
9.644019603729248047e-01
9.647873640060424805e-01
9.646711945533752441e-01
9.649713039398193359e-01
9.646574258804321289e-01
9.645335674285888672e-01
9.646852016448974609e-01
9.645363092422485352e-01
9.645268917083740234e-01
9.647464156150817871e-01
9.646766781806945801e-01
9.649077057838439941e-01
9.646819829940795898e-01
9.648281931877136230e-01
9.646295905113220215e-01
9.646266698837280273e-01
9.647526741027832031e-01
9.646602869033813477e-01
9.647158980369567871e-01
9.644830226898193359e-01
9.646461606025695801e-01
9.645262360572814941e-01
9.643542766571044922e-01
9.643141031265258789e-01
9.644801616668701172e-01
9.639775156974792480e-01
9.646963477134704590e-01
9.647656083106994629e-01
9.646214246749877930e-01
9.642507433891296387e-01
9.644389152526855469e-01
9.649465084075927734e-01
9.649050235748291016e-01
9.647676348686218262e-01
9.647215008735656738e-01
9.646649360656738281e-01
9.645224809646606445e-01
9.646511673927307129e-01
9.643878340721130371e-01
9.649481177330017090e-01
9.646331667900085449e-01
9.644224643707275391e-01
9.649250507354736328e-01
9.645292162895202637e-01
9.644506573677062988e-01
9.646492004394531250e-01
9.646739363670349121e-01
9.648144245147705078e-01
9.646711945533752441e-01
9.650617837905883789e-01
9.648071527481079102e-01
9.646617770195007324e-01
9.646797776222229004e-01
9.644920229911804199e-01
9.645796418190002441e-01
9.650601148605346680e-01
9.648429751396179199e-01
9.644796252250671387e-01
9.645493030548095703e-01
9.647732377052307129e-01
9.648394584655761719e-01
9.646933078765869141e-01
9.648182392120361328e-01
9.646938443183898926e-01
9.643508195877075195e-01
9.649956226348876953e-01
9.647129774093627930e-01
9.647849798202514648e-01
9.644856452941894531e-01
9.647203087806701660e-01
9.647459983825683594e-01
9.647648334503173828e-01
9.647265672683715820e-01
9.648412466049194336e-01
9.647266864776611328e-01
9.647701382637023926e-01
9.643047451972961426e-01
9.648191332817077637e-01
9.646658301353454590e-01
9.646263122558593750e-01
9.646257162094116211e-01
9.646174907684326172e-01
9.645892381668090820e-01
9.647423028945922852e-01
9.647972583770751953e-01
9.645155072212219238e-01
9.650902748107910156e-01
9.648832678794860840e-01
9.647190570831298828e-01
9.648705124855041504e-01
9.646993875503540039e-01
9.646890163421630859e-01
9.648516178131103516e-01
9.644348025321960449e-01
9.646328091621398926e-01
9.647091627120971680e-01
9.650372266769409180e-01
9.648228287696838379e-01
9.641264081001281738e-01
9.649924635887145996e-01
9.648368954658508301e-01
9.645867943763732910e-01
9.650188684463500977e-01
9.649621844291687012e-01
9.647439718246459961e-01
9.647674560546875000e-01
9.646235704421997070e-01
9.646244645118713379e-01
9.648003578186035156e-01
9.647167921066284180e-01
9.645696282386779785e-01
9.651383757591247559e-01
9.648550152778625488e-01
9.644289612770080566e-01
9.650241136550903320e-01
9.648652672767639160e-01
9.645956158638000488e-01
9.647461771965026855e-01
9.650918841361999512e-01
9.647620916366577148e-01
9.649220108985900879e-01
9.649326801300048828e-01
9.647292494773864746e-01
9.651588201522827148e-01
9.647530913352966309e-01
9.648600816726684570e-01
9.645755887031555176e-01
9.648609757423400879e-01
9.647946953773498535e-01
9.651595950126647949e-01
9.648556709289550781e-01
9.650644659996032715e-01
9.646785259246826172e-01
9.652184247970581055e-01
9.646213054656982422e-01
9.645922780036926270e-01
9.646219015121459961e-01
9.649792313575744629e-01
9.647074341773986816e-01
9.650945067405700684e-01
9.646461009979248047e-01
9.648776054382324219e-01
9.648527503013610840e-01
9.648691415786743164e-01
9.649049639701843262e-01
9.647297859191894531e-01
9.641512036323547363e-01
9.651085138320922852e-01
9.649889469146728516e-01
9.649881124496459961e-01
9.647328257560729980e-01
9.647656083106994629e-01
9.647511243820190430e-01
9.647862315177917480e-01
9.645306468009948730e-01
9.646389484405517578e-01
9.647530913352966309e-01
9.647964239120483398e-01
9.647699594497680664e-01
9.647455811500549316e-01
9.648761153221130371e-01
9.650297760963439941e-01
9.647190570831298828e-01
9.650127887725830078e-01
9.646513462066650391e-01
9.647236466407775879e-01
9.645974636077880859e-01
9.649128913879394531e-01
9.646369814872741699e-01
9.648025631904602051e-01
9.646513462066650391e-01
9.648966789245605469e-01
9.651019573211669922e-01
9.647200703620910645e-01
9.651904106140136719e-01
9.651638865470886230e-01
9.648135304450988770e-01
9.650943279266357422e-01
9.646328687667846680e-01
9.651728868484497070e-01
9.650813341140747070e-01
9.648075103759765625e-01
9.650520086288452148e-01
9.650213718414306641e-01
9.648926258087158203e-01
9.647317528724670410e-01
9.651789665222167969e-01
9.651966691017150879e-01
9.646969437599182129e-01
9.648469686508178711e-01
9.643108248710632324e-01
9.649140834808349609e-01
9.649012684822082520e-01
9.646289348602294922e-01
9.649260640144348145e-01
9.647558331489562988e-01
9.649980664253234863e-01
9.650869965553283691e-01
9.647200703620910645e-01
9.647230505943298340e-01
9.646056890487670898e-01
9.646459221839904785e-01
9.647912383079528809e-01
9.648149013519287109e-01
9.647966027259826660e-01
9.649197459220886230e-01
9.648818969726562500e-01
9.643800258636474609e-01
9.647576808929443359e-01
9.650350213050842285e-01
9.649589657783508301e-01
9.647235274314880371e-01
9.645783305168151855e-01
9.645709991455078125e-01
9.644104242324829102e-01
9.648978710174560547e-01
9.649044275283813477e-01
9.648099541664123535e-01
9.650046825408935547e-01
9.645817279815673828e-01
9.647954702377319336e-01
9.650843739509582520e-01
9.646524190902709961e-01
9.653221368789672852e-01
9.652004837989807129e-01
9.648122191429138184e-01
9.649068713188171387e-01
9.649345278739929199e-01
9.651028513908386230e-01
9.650361537933349609e-01
9.648276567459106445e-01
9.647508263587951660e-01
9.646275043487548828e-01
9.648544788360595703e-01
9.649454355239868164e-01
9.651234149932861328e-01
9.650154113769531250e-01
9.647817015647888184e-01
9.647822380065917969e-01
9.649602770805358887e-01
9.648330211639404297e-01
9.648213982582092285e-01
9.649360775947570801e-01
9.647543430328369141e-01
9.648208022117614746e-01
9.651282429695129395e-01
9.647846817970275879e-01
9.650813341140747070e-01
9.648824334144592285e-01
9.649353623390197754e-01
9.649137854576110840e-01
9.649047255516052246e-01
9.645425677299499512e-01
9.649770855903625488e-01
9.646840691566467285e-01
9.649511575698852539e-01
9.647337198257446289e-01
9.651235342025756836e-01
9.647920131683349609e-01
9.649596214294433594e-01
9.645960927009582520e-01
9.649382829666137695e-01
9.650581479072570801e-01
9.644615054130554199e-01
9.647715687751770020e-01
9.649865627288818359e-01
9.648815989494323730e-01
9.650527238845825195e-01
9.650633335113525391e-01
9.643636941909790039e-01
9.650535583496093750e-01
9.648521542549133301e-01
9.649531841278076172e-01
9.651235938072204590e-01
9.651424288749694824e-01
9.650776386260986328e-01
9.647556543350219727e-01
9.648395776748657227e-01
9.647839069366455078e-01
9.650300741195678711e-01
9.650164842605590820e-01
9.649951457977294922e-01
9.647811055183410645e-01
9.649589657783508301e-01
9.648692607879638672e-01
9.652418494224548340e-01
9.647663831710815430e-01
9.647813439369201660e-01
9.649851918220520020e-01
9.649350047111511230e-01
9.649157524108886719e-01
9.647415876388549805e-01
9.645444750785827637e-01
9.648380875587463379e-01
9.654029607772827148e-01
9.646134972572326660e-01
9.649871587753295898e-01
9.650227427482604980e-01
9.648807048797607422e-01
9.647007584571838379e-01
9.652299284934997559e-01
9.650501012802124023e-01
9.649810791015625000e-01
9.651362895965576172e-01
9.649046063423156738e-01
9.653556942939758301e-01
9.648869037628173828e-01
9.652160406112670898e-01
9.651489257812500000e-01
9.648962616920471191e-01
9.649761319160461426e-01
9.651168584823608398e-01
9.649317264556884766e-01
9.650312066078186035e-01
9.646405577659606934e-01
9.649070501327514648e-01
9.648071527481079102e-01
9.650363922119140625e-01
9.649664163589477539e-01
9.652568101882934570e-01
9.649690389633178711e-01
9.650582075119018555e-01
9.651535153388977051e-01
